,0,1,2,3,4,5,6,7,8,9,10,11,12,13,14,15,16,17,18,19,20,21,22,23,24,25,26,27,28,29,30,31,32,33,34,35,36,37,38,39,40,41,42,43,44,45,46,47,48,49,50,51,52,53,54
0,0.0,75.3,83.525,79.02222222222223,84.81666666666666,61.83333333333334,74.4909090909091,73.03636363636363,84.26666666666667,83.0,52.2,70.9,69.28333333333333,76.2,84.10000000000001,57.5,76.19999999999999,82.61818181818182,77.86666666666667,93.6888888888889,44.56363636363636,83.6,75.65,88.77777777777779,92.54545454545453,59.68333333333334,77.28333333333333,77.4,77.3,86.0,58.67272727272727,73.56923076923077,66.08333333333334,75.61818181818181,84.5,67.41818181818181,79.4,78.30000000000001,73.44285714285714,93.39999999999999,59.58333333333333,63.68571428571428,68.20000000000002,78.91666666666667,92.83636363636363,70.04444444444445,73.80000000000001,77.2,78.86666666666667,86.13333333333333,34.14285714285714,71.4,77.34545454545454,72.95384615384616,90.53333333333333
1,75.3,0.0,80.77499999999999,85.43333333333334,91.05,61.13333333333333,51.79090909090909,77.31818181818181,78.96666666666667,81.9,67.4090909090909,53.2,71.98333333333333,79.10000000000001,88.8,73.60000000000001,49.5,85.68181818181819,85.32222222222222,94.10000000000001,66.53636363636363,56.544444444444444,76.41666666666667,91.1888888888889,90.31818181818181,59.61666666666667,50.88333333333334,81.1,80.19999999999999,84.69999999999999,60.06363636363636,55.653846153846146,77.41666666666666,87.82727272727274,92.2,60.88181818181818,54.300000000000004,86.80000000000001,72.42857142857142,93.85,61.083333333333336,58.385714285714286,78.77692307692308,82.98333333333333,86.5909090909091,81.07777777777778,51.53636363636363,73.5,76.43333333333334,85.2,67.5,33.300000000000004,73.57272727272728,82.40769230769232,90.10000000000001
2,83.525,80.77499999999999,0.0,89.31944444444446,85.29166666666666,72.20833333333334,77.57954545454545,59.92045454545455,84.73611111111111,77.025,79.01136363636364,81.625,52.708333333333336,81.875,79.825,76.525,82.875,57.28409090909091,88.90277777777777,88.04166666666666,80.4659090909091,83.54166666666667,54.04166666666667,84.875,75.82954545454545,81.70833333333334,83.375,60.875,79.575,77.125,74.17045454545455,77.375,61.041666666666664,85.69318181818183,78.82499999999999,76.57954545454545,84.125,58.375,74.51785714285714,86.125,67.375,81.625,50.77884615384615,74.45833333333334,87.7159090909091,82.375,84.625,61.125,74.79166666666669,72.45833333333334,76.91071428571428,76.675,35.85227272727273,79.70192307692308,82.875
3,79.02222222222223,85.43333333333334,89.31944444444446,0.0,92.47222222222223,75.66666666666667,83.97979797979798,70.55555555555556,56.888888888888886,91.04444444444445,77.1010101010101,81.1888888888889,69.47222222222223,49.488888888888894,91.47777777777779,79.10000000000001,86.75555555555556,79.69696969696969,51.88888888888889,99.66666666666669,71.83838383838383,89.33333333333334,74.86111111111111,61.333333333333336,94.45454545454547,79.25,86.25,81.20000000000002,56.67777777777778,93.51111111111112,76.34343434343435,82.70940170940172,76.25,47.96969696969697,94.30000000000001,88.97979797979798,89.48888888888888,84.07777777777778,47.341269841269835,103.75,73.08333333333333,79.38095238095238,68.86324786324786,55.027777777777786,98.26262626262627,88.0,86.56565656565657,80.84444444444445,55.611111111111114,86.94444444444446,70.04761904761904,85.51111111111112,80.57575757575758,30.136752136752136,96.38888888888889
4,84.81666666666666,91.05,85.29166666666666,92.47222222222223,0.0,71.75,85.76515151515152,79.87121212121212,88.36111111111111,58.71666666666667,73.3409090909091,86.25,74.83333333333334,83.78333333333335,59.28333333333333,84.51666666666667,83.38333333333333,80.17424242424244,92.52777777777779,58.80555555555556,76.21969696969697,99.63888888888889,73.33333333333334,92.97222222222223,56.901515151515156,82.5,83.5,83.61666666666666,89.05000000000001,52.583333333333336,81.00757575757575,89.9551282051282,69.16666666666667,85.03787878787878,55.583333333333336,86.59848484848486,92.75,90.45000000000002,79.72619047619048,63.333333333333336,78.33333333333334,77.70238095238095,70.83974358974359,88.5,67.56818181818181,92.08333333333334,88.56818181818183,77.28333333333333,82.08333333333334,51.08333333333333,74.72619047619047,91.25,75.91666666666667,82.7371794871795,32.75
5,61.83333333333334,61.13333333333333,72.20833333333334,75.66666666666667,71.75,0.0,60.46969696969697,64.04545454545455,70.33333333333334,63.53333333333334,49.227272727272734,57.400000000000006,59.75,66.6,67.1,56.6,61.53333333333334,66.83333333333334,76.0,74.55555555555557,46.96969696969697,65.83333333333334,58.41666666666668,76.27777777777777,75.01515151515153,44.75,56.08333333333334,67.93333333333334,74.16666666666666,66.5,45.09090909090909,61.05128205128206,60.08333333333334,74.36363636363636,71.03333333333333,50.68181818181819,66.36666666666667,74.0,60.66666666666667,75.75,49.083333333333336,52.92857142857142,55.871794871794876,69.08333333333333,73.96969696969697,60.72222222222222,59.71212121212121,69.2,64.0,64.5,49.166666666666664,60.96666666666667,62.60606060606061,67.35897435897436,73.83333333333333
6,74.4909090909091,51.79090909090909,77.57954545454545,83.97979797979798,85.76515151515152,60.46969696969697,0.0,75.36363636363636,76.16161616161617,78.03636363636363,63.18181818181818,51.663636363636364,70.75,78.7818181818182,86.5,72.99090909090908,53.07272727272728,84.9090909090909,83.62626262626264,90.79797979797979,69.63636363636364,55.05050505050505,71.8409090909091,84.34343434343434,88.63636363636363,55.5530303030303,51.82575757575758,77.36363636363637,80.08181818181818,83.07272727272726,61.27272727272727,48.46853146853147,74.09848484848486,83.9090909090909,91.30000000000001,59.72727272727273,51.32727272727273,87.35454545454546,71.52597402597402,91.88636363636364,60.765151515151516,54.07792207792208,72.84615384615384,83.1590909090909,82.9090909090909,72.38383838383838,47.63636363636364,72.70909090909092,77.28787878787878,77.22727272727273,65.6103896103896,50.56363636363636,71.0,77.67832167832168,85.5
7,73.03636363636363,77.31818181818181,59.92045454545455,70.55555555555556,79.87121212121212,64.04545454545455,75.36363636363636,0.0,74.73737373737374,79.12727272727273,64.0,72.42727272727272,47.29545454545455,67.89090909090909,75.57272727272728,69.75454545454545,79.32727272727273,52.63636363636364,77.45454545454545,84.74747474747475,65.36363636363636,86.65656565656566,51.21969696969697,73.62626262626263,79.63636363636363,67.03787878787878,79.11363636363636,62.92727272727273,70.73636363636365,76.6,65.54545454545455,74.64335664335664,53.871212121212125,75.81818181818181,79.28181818181818,76.54545454545453,80.0,53.7,66.69480519480518,90.04545454545455,57.75,76.53246753246754,43.28671328671329,59.1439393939394,77.0,75.20202020202021,78.81818181818181,53.6,67.77272727272727,71.46969696969697,62.42857142857143,72.16363636363637,51.09090909090909,64.5944055944056,82.63636363636363
8,84.26666666666667,78.96666666666667,84.73611111111111,56.888888888888886,88.36111111111111,70.33333333333334,76.16161616161617,74.73737373737374,0.0,80.44444444444446,73.62626262626262,73.83333333333334,63.02777777777777,41.68888888888888,86.1888888888889,81.23333333333333,78.71111111111111,75.47474747474746,54.111111111111114,88.33333333333334,73.77777777777777,81.11111111111111,67.52777777777779,58.22222222222223,87.24242424242424,80.63888888888889,79.47222222222223,73.08888888888889,51.3,87.28888888888889,68.5050505050505,75.34188034188034,76.19444444444444,57.18181818181819,87.1888888888889,83.86868686868686,84.95555555555555,81.23333333333335,44.2936507936508,98.47222222222223,70.36111111111111,80.04761904761904,65.94017094017094,59.583333333333336,91.87878787878789,86.22222222222223,75.45454545454545,79.66666666666667,53.72222222222223,78.00000000000001,73.55555555555557,78.46666666666667,76.05050505050505,50.99145299145299,90.66666666666667
9,83.0,81.9,77.025,91.04444444444445,58.71666666666667,63.53333333333334,78.03636363636363,79.12727272727273,80.44444444444446,0.0,64.2,80.30000000000001,66.55000000000001,76.80000000000001,51.3,72.9,77.6,79.10909090909092,85.44444444444446,60.31111111111112,75.12727272727273,84.28888888888889,67.75,87.86666666666667,55.32727272727273,74.15,78.88333333333334,75.20000000000002,77.9,52.2,70.41818181818182,79.52307692307693,70.45,83.54545454545455,57.3,69.63636363636364,83.80000000000001,84.9,70.38571428571429,65.55,67.31666666666666,74.8,67.21538461538462,84.71666666666667,63.85454545454546,78.68888888888888,77.01818181818183,70.80000000000001,79.26666666666668,49.733333333333334,69.6,81.4,71.0,83.1076923076923,56.900000000000006
10,52.2,67.4090909090909,79.01136363636364,77.1010101010101,73.3409090909091,49.227272727272734,63.18181818181818,64.0,73.62626262626262,64.2,0.0,62.71818181818182,55.38636363636364,63.654545454545456,66.9909090909091,53.10000000000001,64.01818181818182,70.0909090909091,76.08080808080808,74.26262626262627,46.63636363636364,74.15151515151516,64.31060606060606,74.7979797979798,74.0,48.02272727272728,65.5378787878788,67.81818181818181,76.33636363636364,67.4,42.63636363636364,65.21678321678323,61.78030303030303,77.0909090909091,75.71818181818182,54.0,70.41818181818181,73.88181818181818,64.3961038961039,76.70454545454545,49.85606060606061,63.20779220779221,62.125874125874134,69.88636363636364,76.27272727272728,54.757575757575765,59.72727272727273,67.05454545454546,66.33333333333334,65.75757575757575,44.714285714285715,68.81818181818181,70.0,70.03496503496504,74.75757575757575
11,70.9,53.2,81.625,81.1888888888889,86.25,57.400000000000006,51.663636363636364,72.42727272727272,73.83333333333334,80.30000000000001,62.71818181818182,0.0,68.58333333333334,75.30000000000001,78.4,66.6,52.3,82.0090909090909,83.67777777777778,86.9888888888889,64.31818181818181,56.011111111111106,68.18333333333334,77.58888888888889,86.04545454545455,50.18333333333333,51.083333333333336,74.10000000000001,75.4,81.69999999999999,65.19090909090909,50.1,69.31666666666666,78.75454545454545,87.6,69.7,50.7,83.0,69.77142857142857,93.19999999999999,60.083333333333336,55.67142857142857,69.45384615384617,77.58333333333333,86.20909090909092,70.65555555555557,48.42727272727273,68.3,74.0,78.0,60.67142857142858,51.9,72.95454545454547,74.85384615384615,84.36666666666667
12,69.28333333333333,71.98333333333333,52.708333333333336,69.47222222222223,74.83333333333334,59.75,70.75,47.29545454545455,63.02777777777777,66.55000000000001,55.38636363636364,68.58333333333334,0.0,61.650000000000006,65.21666666666667,60.983333333333334,72.05000000000001,41.15909090909091,68.36111111111111,76.80555555555556,61.25,74.52777777777777,44.83333333333334,67.80555555555557,66.53787878787878,66.83333333333334,72.5,46.916666666666664,62.81666666666666,68.58333333333333,55.689393939393945,66.19871794871796,49.16666666666667,67.46212121212122,72.71666666666667,68.78030303030303,75.31666666666666,46.31666666666667,57.226190476190474,78.08333333333334,49.833333333333336,67.51190476190476,36.71153846153847,56.66666666666667,75.99242424242425,66.30555555555554,72.1439393939394,48.516666666666666,57.41666666666667,59.91666666666667,61.86904761904762,70.15,47.11363636363636,60.96794871794872,74.08333333333334
13,76.2,79.10000000000001,81.875,49.488888888888894,83.78333333333335,66.6,78.7818181818182,67.89090909090909,41.68888888888888,76.80000000000001,63.654545454545456,75.30000000000001,61.650000000000006,0.0,82.30000000000001,75.1,80.19999999999999,71.89090909090909,46.977777777777774,84.57777777777778,70.7090909090909,84.11111111111111,64.65,57.13333333333334,81.2909090909091,73.65,82.85000000000001,70.0,50.900000000000006,80.4,68.34545454545454,74.80000000000001,72.05000000000001,54.03636363636364,82.9,79.34545454545454,85.2,77.7,37.328571428571436,92.35,65.91666666666667,77.2,61.44615384615385,52.71666666666667,89.67272727272729,81.28888888888889,75.63636363636364,77.2,49.2,74.2,66.65714285714286,77.8,71.81818181818181,43.353846153846156,86.16666666666666
14,84.10000000000001,88.8,79.825,91.47777777777779,59.28333333333333,67.1,86.5,75.57272727272728,86.1888888888889,51.3,66.9909090909091,78.4,65.21666666666667,82.30000000000001,0.0,74.4,85.30000000000001,77.35454545454544,91.83333333333334,56.7,78.86363636363637,93.25555555555556,66.45,88.67777777777778,44.7,72.25,84.28333333333333,77.30000000000001,84.4,50.5,76.60909090909091,85.00769230769231,72.51666666666668,86.4090909090909,49.0,78.51818181818183,88.3,83.4,75.74285714285713,59.65,70.48333333333333,78.64285714285714,67.3,83.95,54.009090909090915,82.76666666666665,85.46363636363637,70.9,80.36666666666667,42.333333333333336,69.67142857142858,87.1,74.37272727272727,82.53076923076924,54.5
15,57.5,73.60000000000001,76.525,79.10000000000001,84.51666666666667,56.6,72.99090909090908,69.75454545454545,81.23333333333333,72.9,53.10000000000001,66.6,60.983333333333334,75.1,74.4,0.0,68.3,70.97272727272727,73.16666666666666,85.36666666666666,58.04545454545455,75.1888888888889,71.28333333333335,84.23333333333333,82.31818181818181,55.68333333333333,70.91666666666666,70.1,72.6,82.5,56.02727272727273,72.91538461538462,67.18333333333334,81.04545454545455,79.0,63.19090909090909,69.7,67.6,65.68571428571428,88.19999999999999,52.75,60.92857142857143,63.1,72.05000000000001,86.08181818181818,50.07777777777778,67.30000000000001,71.9,73.96666666666667,76.03333333333333,52.98571428571428,71.9,66.62727272727273,73.1923076923077,83.8
16,76.19999999999999,49.5,82.875,86.75555555555556,83.38333333333333,61.53333333333334,53.07272727272728,79.32727272727273,78.71111111111111,77.6,64.01818181818182,52.3,72.05000000000001,80.19999999999999,85.30000000000001,68.3,0.0,82.10909090909091,84.08888888888889,91.2,64.36363636363637,54.97777777777778,73.81666666666666,85.77777777777777,88.83636363636364,57.71666666666667,46.91666666666667,80.2,80.5,85.6,67.43636363636364,58.66153846153847,76.81666666666666,89.21818181818182,88.1,63.72727272727272,55.0,86.9,72.24285714285713,91.75,63.116666666666674,56.57142857142857,73.55384615384615,82.91666666666666,85.83636363636364,74.06666666666666,48.018181818181816,68.80000000000001,77.19999999999999,81.6,67.19999999999999,54.6,73.54545454545453,82.44615384615385,84.93333333333332
17,82.61818181818182,85.68181818181819,57.28409090909091,79.69696969696969,80.17424242424244,66.83333333333334,84.9090909090909,52.63636363636364,75.47474747474746,79.10909090909092,70.0909090909091,82.0090909090909,41.15909090909091,71.89090909090909,77.35454545454544,70.97272727272727,82.10909090909091,0.0,80.65656565656566,85.58585858585857,73.0909090909091,91.8989898989899,52.219696969696976,77.5959595959596,78.0909090909091,79.71969696969697,78.15909090909092,57.30909090909091,75.33636363636363,76.9090909090909,68.36363636363636,77.83916083916084,56.76515151515151,78.81818181818181,82.22727272727273,80.27272727272728,91.05454545454546,48.7,66.8116883116883,87.02272727272728,63.28030303030303,79.18181818181819,41.18181818181819,68.43181818181819,86.0,80.88888888888889,85.81818181818181,57.18181818181819,64.96969696969697,72.3939393939394,72.66233766233766,86.69090909090909,47.90909090909091,72.04195804195804,83.15151515151516
18,77.86666666666667,85.32222222222222,88.90277777777777,51.88888888888889,92.52777777777779,76.0,83.62626262626264,77.45454545454545,54.111111111111114,85.44444444444446,76.08080808080808,83.67777777777778,68.36111111111111,46.977777777777774,91.83333333333334,73.16666666666666,84.08888888888889,80.65656565656566,0.0,88.88888888888889,71.3838383838384,91.0,77.86111111111111,56.333333333333336,92.36363636363636,78.80555555555556,85.41666666666669,77.46666666666667,43.05555555555556,89.33333333333334,72.37373737373738,80.06837606837608,81.19444444444446,48.94949494949495,90.65555555555557,87.51515151515153,96.64444444444445,83.32222222222222,45.992063492063494,97.33333333333334,69.47222222222223,81.68253968253968,71.57264957264957,54.41666666666667,100.11111111111111,77.66666666666667,85.50505050505052,82.6888888888889,51.611111111111114,83.16666666666666,68.5079365079365,83.95555555555555,82.16161616161617,49.88888888888889,92.94444444444446
19,93.6888888888889,94.10000000000001,88.04166666666666,99.66666666666669,58.80555555555556,74.55555555555557,90.79797979797979,84.74747474747475,88.33333333333334,60.31111111111112,74.26262626262627,86.9888888888889,76.80555555555556,84.57777777777778,56.7,85.36666666666666,91.2,85.58585858585857,88.88888888888889,0.0,85.20202020202021,100.55555555555556,84.30555555555556,99.44444444444446,51.63636363636364,83.08333333333334,89.30555555555556,88.53333333333333,94.85555555555555,53.24444444444445,82.35353535353536,86.83760683760684,83.75,94.54545454545455,61.01111111111111,88.66666666666667,96.31111111111112,90.8111111111111,82.65873015873017,58.72222222222222,81.52777777777777,90.23809523809524,78.47863247863248,96.86111111111111,64.91919191919192,90.33333333333334,92.3939393939394,80.95555555555556,88.88888888888889,50.72222222222222,80.66666666666666,94.6,85.03030303030303,89.5811965811966,54.5
20,44.56363636363636,66.53636363636363,80.4659090909091,71.83838383838383,76.21969696969697,46.96969696969697,69.63636363636364,65.36363636363636,73.77777777777777,75.12727272727273,46.63636363636364,64.31818181818181,61.25,70.7090909090909,78.86363636363637,58.04545454545455,64.36363636363637,73.0909090909091,71.3838383838384,85.20202020202021,0.0,76.16161616161617,68.9469696969697,74.72727272727272,85.18181818181819,49.46212121212121,68.38636363636364,73.96363636363637,72.04545454545455,76.65454545454546,48.72727272727273,69.05594405594405,61.340909090909086,69.18181818181819,76.71818181818182,56.63636363636363,77.92727272727274,76.04545454545455,61.40909090909091,84.31818181818181,49.97727272727273,60.896103896103895,64.55244755244756,67.05303030303031,82.0,61.27272727272727,65.63636363636363,71.41818181818182,67.30303030303031,76.3939393939394,41.64935064935065,68.8,70.45454545454545,65.31468531468532,81.06060606060606
21,83.6,56.544444444444444,83.54166666666667,89.33333333333334,99.63888888888889,65.83333333333334,55.05050505050505,86.65656565656566,81.11111111111111,84.28888888888889,74.15151515151516,56.011111111111106,74.52777777777777,84.11111111111111,93.25555555555556,75.1888888888889,54.97777777777778,91.8989898989899,91.0,100.55555555555556,76.16161616161617,0.0,71.63888888888889,86.66666666666669,97.34343434343435,66.02777777777779,60.138888888888886,84.64444444444445,84.96666666666667,94.28888888888889,70.42424242424242,58.82905982905983,80.08333333333334,91.18181818181819,100.47777777777777,69.9090909090909,50.86666666666667,92.87777777777778,75.73809523809524,99.22222222222221,64.36111111111111,59.460317460317455,80.17948717948718,87.08333333333334,100.82828282828284,83.33333333333334,52.80808080808081,82.95555555555556,81.55555555555557,86.0,72.06349206349206,59.666666666666664,78.4949494949495,85.04273504273505,96.66666666666667
22,75.65,76.41666666666667,54.04166666666667,74.86111111111111,73.33333333333334,58.41666666666668,71.8409090909091,51.21969696969697,67.52777777777779,67.75,64.31060606060606,68.18333333333334,44.83333333333334,64.65,66.45,71.28333333333335,73.81666666666666,52.219696969696976,77.86111111111111,84.30555555555556,68.9469696969697,71.63888888888889,0.0,69.69444444444446,72.3409090909091,67.16666666666667,71.33333333333334,54.88333333333333,69.61666666666667,71.05000000000001,59.97727272727273,66.49358974358975,46.66666666666667,69.91666666666667,77.38333333333333,71.38636363636364,73.78333333333333,55.81666666666667,59.39285714285714,79.66666666666667,59.16666666666667,66.72619047619048,43.019230769230774,67.66666666666667,78.28030303030303,73.69444444444444,72.25,57.68333333333334,61.91666666666667,63.75000000000001,65.75,70.98333333333333,46.08333333333333,64.62179487179488,74.08333333333334
23,88.77777777777779,91.1888888888889,84.875,61.333333333333336,92.97222222222223,76.27777777777777,84.34343434343434,73.62626262626263,58.22222222222223,87.86666666666667,74.7979797979798,77.58888888888889,67.80555555555557,57.13333333333334,88.67777777777778,84.23333333333333,85.77777777777777,77.5959595959596,56.333333333333336,99.44444444444446,74.72727272727272,86.66666666666669,69.69444444444446,0.0,92.37373737373737,79.86111111111111,88.02777777777777,80.42222222222223,53.32222222222222,91.17777777777778,73.05050505050505,78.84615384615385,79.02777777777779,55.40404040404041,97.03333333333333,89.46464646464648,89.75555555555556,80.27777777777779,53.91269841269841,105.61111111111111,74.36111111111113,83.20634920634922,68.12820512820514,51.19444444444444,96.1010101010101,83.77777777777779,81.45454545454544,79.15555555555555,50.5,86.27777777777777,78.7936507936508,86.97777777777779,75.96969696969697,58.68376068376068,96.5
24,92.54545454545453,90.31818181818181,75.82954545454545,94.45454545454547,56.901515151515156,75.01515151515153,88.63636363636363,79.63636363636363,87.24242424242424,55.32727272727273,74.0,86.04545454545455,66.53787878787878,81.2909090909091,44.7,82.31818181818181,88.83636363636364,78.0909090909091,92.36363636363636,51.63636363636364,85.18181818181819,97.34343434343435,72.3409090909091,92.37373737373737,0.0,83.61363636363637,88.1590909090909,77.63636363636363,84.02727272727273,43.56363636363636,79.72727272727272,86.0,76.23484848484848,90.9090909090909,55.263636363636365,85.45454545454544,96.01818181818182,78.46363636363637,77.73376623376623,48.70454545454545,77.2348484848485,86.50649350649351,66.47552447552448,83.58333333333333,53.36363636363636,87.92929292929293,87.54545454545455,68.19999999999999,79.78787878787878,43.5,79.41558441558442,90.10909090909092,72.18181818181819,85.78321678321677,48.25757575757576
25,59.68333333333334,59.61666666666667,81.70833333333334,79.25,82.5,44.75,55.5530303030303,67.03787878787878,80.63888888888889,74.15,48.02272727272728,50.18333333333333,66.83333333333334,73.65,72.25,55.68333333333333,57.71666666666667,79.71969696969697,78.80555555555556,83.08333333333334,49.46212121212121,66.02777777777779,67.16666666666667,79.86111111111111,83.61363636363637,0.0,52.66666666666667,72.31666666666666,79.05000000000001,77.14999999999999,48.007575757575765,58.596153846153854,66.16666666666667,75.2348484848485,81.28333333333333,53.03787878787879,67.41666666666666,79.05000000000001,68.79761904761904,82.0,50.33333333333333,59.86904761904761,67.72435897435898,73.5,75.82575757575758,57.19444444444444,56.0530303030303,66.51666666666667,73.41666666666667,74.25,52.416666666666664,56.550000000000004,76.79545454545456,73.09615384615385,80.75
26,77.28333333333333,50.88333333333334,83.375,86.25,83.5,56.08333333333334,51.82575757575758,79.11363636363636,79.47222222222223,78.88333333333334,65.5378787878788,51.083333333333336,72.5,82.85000000000001,84.28333333333333,70.91666666666666,46.91666666666667,78.15909090909092,85.41666666666669,89.30555555555556,68.38636363636364,60.138888888888886,71.33333333333334,88.02777777777777,88.1590909090909,52.66666666666667,0.0,78.88333333333333,79.98333333333333,84.28333333333333,62.901515151515156,52.39102564102564,75.33333333333334,84.26515151515152,88.95,64.55303030303031,53.983333333333334,89.48333333333333,69.91666666666667,88.5,67.0,57.702380952380956,71.07051282051282,83.16666666666666,83.88636363636365,74.25,53.553030303030305,73.05,74.25000000000001,78.75,67.51190476190476,53.25000000000001,73.18939393939394,81.16025641025641,86.25
27,77.4,81.1,60.875,81.20000000000002,83.61666666666666,67.93333333333334,77.36363636363637,62.92727272727273,73.08888888888889,75.20000000000002,67.81818181818181,74.10000000000001,46.916666666666664,70.0,77.30000000000001,70.1,80.2,57.30909090909091,77.46666666666667,88.53333333333333,73.96363636363637,84.64444444444445,54.88333333333333,80.42222222222223,77.63636363636363,72.31666666666666,78.88333333333333,0.0,71.5,76.2,63.490909090909085,70.64615384615385,53.45,76.41818181818181,84.7,70.0,82.8,60.5,65.41428571428571,88.6,60.349999999999994,73.05714285714286,51.13846153846154,70.58333333333333,85.9090909090909,74.53333333333333,81.21818181818182,54.2,69.36666666666667,73.56666666666666,70.97142857142856,78.6,59.6,74.6,81.43333333333334
28,77.3,80.19999999999999,79.575,56.67777777777778,89.05000000000001,74.16666666666666,80.08181818181818,70.73636363636365,51.3,77.9,76.33636363636364,75.4,62.81666666666666,50.900000000000006,84.4,72.6,80.5,75.33636363636363,43.05555555555556,94.85555555555555,72.04545454545455,84.96666666666667,69.61666666666667,53.32222222222222,84.02727272727273,79.05000000000001,79.98333333333333,71.5,0.0,86.7,74.82727272727271,75.37692307692308,75.35,50.5,84.2,85.77272727272728,87.5,75.80000000000001,48.57142857142857,98.75,69.25,75.81428571428572,63.73076923076923,51.21666666666667,93.5909090909091,81.94444444444446,78.06363636363636,78.1,51.099999999999994,77.26666666666668,68.3,77.30000000000001,70.42727272727272,53.761538461538464,88.20000000000002
29,86.0,84.69999999999999,77.125,93.51111111111112,52.583333333333336,66.5,83.07272727272726,76.6,87.28888888888889,52.2,67.4,81.69999999999999,68.58333333333333,80.4,50.5,82.5,85.6,76.9090909090909,89.33333333333334,53.24444444444445,76.65454545454546,94.28888888888889,71.05000000000001,91.17777777777778,43.56363636363636,77.14999999999999,84.28333333333333,76.2,86.7,0.0,75.05454545454546,85.26153846153846,73.25,88.9090909090909,53.900000000000006,78.23636363636363,91.6,81.30000000000001,77.47142857142856,50.0,76.21666666666667,80.62857142857142,66.72307692307692,84.21666666666667,55.07272727272727,86.24444444444444,84.52727272727273,68.4,78.1,46.16666666666667,74.11428571428571,86.4,70.98181818181818,84.67692307692307,50.833333333333336
30,58.67272727272727,60.06363636363636,74.17045454545455,76.34343434343435,81.00757575757575,45.09090909090909,61.27272727272727,65.54545454545455,68.5050505050505,70.41818181818182,42.63636363636364,65.19090909090909,55.689393939393945,68.34545454545454,76.60909090909091,56.02727272727273,67.43636363636364,68.36363636363636,72.37373737373738,82.35353535353536,48.72727272727273,70.42424242424242,59.97727272727273,73.05050505050505,79.72727272727272,48.007575757575765,62.901515151515156,63.490909090909085,74.82727272727271,75.05454545454546,0.0,62.67832167832169,57.09848484848485,72.63636363636364,82.97272727272727,48.63636363636364,76.21818181818182,68.08181818181819,60.85064935064935,77.97727272727273,50.17424242424242,62.41558441558441,59.349650349650354,71.70454545454547,80.72727272727272,56.54545454545455,64.54545454545453,64.4909090909091,66.36363636363636,73.5,52.285714285714285,61.345454545454544,65.36363636363636,69.37062937062937,82.01515151515152
31,73.56923076923077,55.653846153846146,77.375,82.70940170940172,89.9551282051282,61.05128205128206,48.46853146853147,74.64335664335664,75.34188034188034,79.52307692307693,65.21678321678323,50.1,66.19871794871796,74.80000000000001,85.00769230769231,72.91538461538462,58.66153846153847,77.83916083916084,80.06837606837608,86.83760683760684,69.05594405594405,58.82905982905983,66.49358974358975,78.84615384615385,86.0,58.596153846153854,52.39102564102564,70.64615384615385,75.37692307692308,85.26153846153846,62.67832167832169,0.0,70.60897435897436,78.97902097902099,91.7,67.24475524475524,52.969230769230776,79.71538461538461,68.53296703296702,92.48076923076924,60.89102564102564,54.59340659340659,69.6923076923077,80.8397435897436,87.65734265734267,75.35897435897436,49.25174825174825,71.86153846153846,74.52564102564104,76.41025641025641,62.46153846153846,55.41538461538462,70.5034965034965,75.76923076923077,87.93589743589743
32,66.08333333333334,77.41666666666666,61.041666666666664,76.25,69.16666666666667,60.08333333333334,74.09848484848486,53.871212121212125,76.19444444444444,70.45,61.78030303030303,69.31666666666666,49.16666666666667,72.05000000000001,72.51666666666668,67.18333333333334,76.81666666666666,56.76515151515151,81.19444444444446,83.75,61.340909090909086,80.08333333333334,46.66666666666667,79.02777777777779,76.23484848484848,66.16666666666667,75.33333333333334,53.45,75.35,73.25,57.09848484848485,70.60897435897436,0.0,71.67424242424242,74.28333333333333,70.29545454545455,77.31666666666666,61.95,67.91666666666666,81.83333333333333,53.16666666666667,64.77380952380952,46.46794871794872,73.0,82.37121212121212,72.08333333333334,74.47727272727272,56.55,67.41666666666669,69.08333333333334,60.41666666666667,75.28333333333333,51.371212121212125,66.6474358974359,71.91666666666666
33,75.61818181818181,87.82727272727274,85.69318181818183,47.96969696969697,85.03787878787878,74.36363636363636,83.9090909090909,75.81818181818181,57.18181818181819,83.54545454545455,77.0909090909091,78.75454545454545,67.46212121212122,54.03636363636364,86.4090909090909,81.04545454545455,89.21818181818182,78.81818181818181,48.94949494949495,94.54545454545455,69.18181818181819,91.18181818181819,69.91666666666667,55.40404040404041,90.9090909090909,75.2348484848485,84.26515151515152,76.41818181818181,50.5,88.9090909090909,72.63636363636364,78.97902097902099,71.67424242424242,0.0,86.3,86.36363636363635,89.56363636363636,83.3,47.824675324675326,98.61363636363636,68.12878787878788,76.48051948051948,69.52447552447552,59.17424242424243,94.45454545454544,83.04040404040404,81.9090909090909,81.25454545454546,58.621212121212125,78.34848484848484,64.59740259740259,84.14545454545456,77.81818181818181,41.447552447552454,86.9090909090909
34,84.5,92.2,78.82499999999999,94.30000000000001,55.583333333333336,71.03333333333333,91.30000000000001,79.28181818181818,87.1888888888889,57.3,75.71818181818182,87.6,72.71666666666667,82.9,49.0,79.0,88.1,82.22727272727273,90.65555555555557,61.01111111111111,76.71818181818182,100.47777777777777,77.38333333333333,97.03333333333333,55.263636363636365,81.28333333333333,88.95,84.7,84.2,53.900000000000006,82.97272727272727,91.7,74.28333333333333,86.3,0.0,84.22727272727272,98.9,84.0,79.02857142857142,69.9,78.48333333333335,81.3,72.56153846153846,90.38333333333334,57.08181818181818,86.52222222222223,90.15454545454546,76.9,83.19999999999999,47.46666666666667,72.1,88.7,75.84545454545454,82.82307692307693,52.63333333333333
35,67.41818181818181,60.88181818181818,76.57954545454545,88.97979797979798,86.59848484848486,50.68181818181819,59.72727272727273,76.54545454545453,83.86868686868686,69.63636363636364,54.0,69.7,68.78030303030303,79.34545454545454,78.51818181818183,63.19090909090909,63.72727272727272,80.27272727272728,87.51515151515153,88.66666666666667,56.63636363636363,69.9090909090909,71.38636363636364,89.46464646464648,85.45454545454544,53.03787878787879,64.55303030303031,70.0,85.77272727272728,78.23636363636363,48.63636363636364,67.24475524475524,70.29545454545455,86.36363636363635,84.22727272727272,0.0,72.23636363636365,83.51818181818183,72.61688311688312,83.88636363636363,53.91666666666667,61.92207792207792,74.25174825174825,81.21969696969697,80.45454545454545,64.1919191919192,65.0,73.63636363636364,78.21212121212122,80.13636363636364,60.051948051948045,61.10909090909091,71.45454545454545,82.38461538461539,84.16666666666666
36,79.4,54.300000000000004,84.125,89.48888888888888,92.75,66.36666666666667,51.32727272727273,80.0,84.95555555555555,83.80000000000001,70.41818181818181,50.7,75.31666666666666,85.2,88.3,69.7,55.0,91.05454545454546,96.64444444444445,96.31111111111112,77.92727272727274,50.86666666666667,73.78333333333333,89.75555555555556,96.01818181818182,67.41666666666666,53.983333333333334,82.8,87.5,91.6,76.21818181818182,52.969230769230776,77.31666666666666,89.56363636363636,98.9,72.23636363636365,0.0,89.5,77.24285714285713,95.69999999999999,66.61666666666667,55.97142857142857,77.96923076923076,86.91666666666667,96.85454545454546,80.28888888888889,48.58181818181818,81.60000000000001,84.16666666666669,83.63333333333333,72.05714285714285,58.60000000000001,74.76363636363635,85.72307692307693,92.93333333333334
37,78.30000000000001,86.80000000000001,58.375,84.07777777777778,90.45000000000002,74.0,87.35454545454546,53.7,81.23333333333335,84.9,73.88181818181818,83.0,46.31666666666667,77.7,83.4,67.6,86.9,48.7,83.32222222222222,90.8111111111111,76.04545454545455,92.87777777777778,55.81666666666667,80.27777777777779,78.46363636363637,79.05000000000001,89.48333333333333,60.5,75.80000000000001,81.30000000000001,68.08181818181819,79.71538461538461,61.95,83.3,84.0,83.51818181818183,89.5,0.0,72.91428571428571,90.2,68.98333333333333,80.1,43.65384615384616,69.35,88.42727272727274,77.65555555555557,90.26363636363637,55.1,73.93333333333334,78.33333333333334,70.58571428571429,82.30000000000001,49.17272727272728,75.36153846153846,88.0
38,73.44285714285714,72.42857142857142,74.51785714285714,47.341269841269835,79.72619047619048,60.66666666666667,71.52597402597402,66.69480519480518,44.2936507936508,70.38571428571429,64.3961038961039,69.77142857142857,57.226190476190474,37.328571428571436,75.74285714285713,65.68571428571428,72.24285714285713,66.8116883116883,45.992063492063494,82.65873015873017,61.40909090909091,75.73809523809524,59.39285714285714,53.91269841269841,77.73376623376623,68.79761904761904,69.91666666666667,65.41428571428571,48.57142857142857,77.47142857142856,60.85064935064935,68.53296703296702,67.91666666666666,47.824675324675326,79.02857142857142,72.61688311688312,77.24285714285713,72.91428571428571,0.0,88.0,60.67857142857143,68.35714285714286,55.65384615384615,49.154761904761905,85.14935064935065,76.54761904761904,70.3051948051948,71.1,43.04761904761905,69.54761904761905,59.07142857142857,71.84285714285714,66.14935064935065,37.98351648351648,81.76190476190476
39,93.39999999999999,93.85,86.125,103.75,63.333333333333336,75.75,91.88636363636364,90.04545454545455,98.47222222222223,65.55,76.70454545454545,93.19999999999999,78.08333333333334,92.35,59.65,88.19999999999999,91.75,87.02272727272728,97.33333333333334,58.72222222222222,84.31818181818181,99.22222222222221,79.66666666666667,105.61111111111111,48.70454545454545,82.0,88.5,88.6,98.75,50.0,77.97727272727273,92.48076923076924,81.83333333333333,98.61363636363636,69.9,83.88636363636363,95.69999999999999,90.2,88.0,0.0,83.41666666666667,85.39285714285714,76.28846153846155,96.16666666666667,65.4090909090909,90.58333333333333,90.52272727272727,80.25,89.66666666666667,57.08333333333333,84.17857142857142,93.7,81.11363636363637,96.40384615384616,56.08333333333333
40,59.58333333333333,61.083333333333336,67.375,73.08333333333333,78.33333333333334,49.083333333333336,60.765151515151516,57.75,70.36111111111111,67.31666666666666,49.85606060606061,60.083333333333336,49.833333333333336,65.91666666666667,70.48333333333333,52.75,63.116666666666674,63.28030303030303,69.47222222222223,81.52777777777777,49.97727272727273,64.36111111111111,59.16666666666667,74.36111111111113,77.2348484848485,50.33333333333333,67.0,60.349999999999994,69.25,76.21666666666667,50.17424242424242,60.89102564102564,53.16666666666667,68.12878787878788,78.48333333333335,53.91666666666667,66.61666666666667,68.98333333333333,60.67857142857143,83.41666666666667,0.0,57.01190476190476,56.82692307692308,66.33333333333334,80.87121212121212,56.19444444444444,63.93181818181818,63.88333333333334,64.91666666666667,68.58333333333334,50.03571428571429,61.35,61.20454545454545,66.58333333333334,80.58333333333333
41,63.68571428571428,58.385714285714286,81.625,79.38095238095238,77.70238095238095,52.92857142857142,54.07792207792208,76.53246753246754,80.04761904761904,74.8,63.20779220779221,55.67142857142857,67.51190476190476,77.2,78.64285714285714,60.92857142857143,56.57142857142857,79.18181818181819,81.68253968253968,90.23809523809524,60.896103896103895,59.460317460317455,66.72619047619048,83.20634920634922,86.50649350649351,59.86904761904761,57.702380952380956,73.05714285714286,75.81428571428572,80.62857142857142,62.41558441558441,54.59340659340659,64.77380952380952,76.48051948051948,81.3,61.92207792207792,55.97142857142857,80.1,68.35714285714286,85.39285714285714,57.01190476190476,0.0,67.34065934065933,79.44047619047619,87.05194805194805,71.04761904761905,50.05194805194805,75.5142857142857,74.78571428571429,76.83333333333333,55.28571428571428,58.42857142857142,67.63636363636363,74.68131868131869,79.45238095238095
42,68.20000000000002,78.77692307692308,50.77884615384615,68.86324786324786,70.83974358974359,55.871794871794876,72.84615384615384,43.28671328671329,65.94017094017094,67.21538461538462,62.125874125874134,69.45384615384617,36.71153846153847,61.44615384615385,67.3,63.1,73.55384615384615,41.18181818181819,71.57264957264957,78.47863247863248,64.55244755244756,80.17948717948718,43.019230769230774,68.12820512820514,66.47552447552448,67.72435897435898,71.07051282051282,51.13846153846154,63.73076923076923,66.72307692307692,59.349650349650354,69.6923076923077,46.46794871794872,69.52447552447552,72.56153846153846,74.25174825174825,77.96923076923076,43.65384615384616,55.65384615384615,76.28846153846155,56.82692307692308,67.34065934065933,0.0,56.955128205128204,77.86713286713287,73.66666666666667,75.54545454545453,49.38461538461539,55.56410256410257,61.320512820512825,58.79120879120879,76.30769230769232,39.832167832167826,60.23076923076923,71.25641025641026
43,78.91666666666667,82.98333333333333,74.45833333333334,55.027777777777786,88.5,69.08333333333333,83.1590909090909,59.1439393939394,59.583333333333336,84.71666666666667,69.88636363636364,77.58333333333333,56.66666666666667,52.71666666666667,83.95,72.05000000000001,82.91666666666666,68.43181818181819,54.41666666666667,96.86111111111111,67.05303030303031,87.08333333333334,67.66666666666667,51.19444444444444,83.58333333333333,73.5,83.16666666666666,70.58333333333333,51.21666666666667,84.21666666666667,71.70454545454547,80.8397435897436,73.0,59.17424242424243,90.38333333333334,81.21969696969697,86.91666666666667,69.35,49.154761904761905,96.16666666666667,66.33333333333334,79.44047619047619,56.955128205128204,0.0,94.75,76.97222222222223,80.08333333333334,70.75,47.75,79.75,70.05952380952381,79.68333333333334,67.2651515151515,54.44230769230769,89.91666666666669
44,92.83636363636363,86.5909090909091,87.7159090909091,98.26262626262627,67.56818181818181,73.96969696969697,82.9090909090909,77.0,91.87878787878789,63.85454545454546,76.27272727272728,86.20909090909092,75.99242424242425,89.67272727272729,54.009090909090915,86.08181818181818,85.83636363636364,86.0,100.11111111111111,64.91919191919192,82.0,100.82828282828284,78.28030303030303,96.1010101010101,53.36363636363636,75.82575757575758,83.88636363636365,85.9090909090909,93.5909090909091,55.07272727272727,80.72727272727272,87.65734265734267,82.37121212121212,94.45454545454544,57.08181818181818,80.45454545454545,96.85454545454546,88.42727272727274,85.14935064935065,65.4090909090909,80.87121212121212,87.05194805194805,77.86713286713287,94.75,0.0,88.66666666666666,85.81818181818181,70.5090909090909,88.56060606060606,51.378787878787875,80.40259740259741,88.45454545454547,82.0909090909091,90.61538461538461,61.37878787878788
45,70.04444444444445,81.07777777777778,82.375,88.0,92.08333333333334,60.72222222222222,72.38383838383838,75.20202020202021,86.22222222222223,78.68888888888888,54.757575757575765,70.65555555555557,66.30555555555554,81.28888888888889,82.76666666666665,50.07777777777778,74.06666666666666,80.88888888888889,77.66666666666667,90.33333333333334,61.27272727272727,83.33333333333334,73.69444444444444,83.77777777777779,87.92929292929293,57.19444444444444,74.25,74.53333333333333,81.94444444444446,86.24444444444444,56.54545454545455,75.35897435897436,72.08333333333334,83.04040404040404,86.52222222222223,64.1919191919192,80.28888888888889,77.65555555555557,76.54761904761904,90.58333333333333,56.19444444444444,71.04761904761905,73.66666666666667,76.97222222222223,88.66666666666666,0.0,74.02020202020202,75.2,73.05555555555554,80.22222222222223,63.98412698412698,78.35555555555555,75.26262626262627,80.30769230769232,89.72222222222223
