,0,1,2,3,4,5,6,7,8,9,10,11,12,13,14,15,16,17,18,19,20,21,22,23,24,25,26,27,28,29,30,31,32,33,34,35,36,37,38,39,40,41,42,43,44,45,46,47,48,49,50,51,52,53,54
0,0.0,13.285714285714286,16.357142857142858,19.033251231527093,19.71428571428571,10.114532019704434,14.910098522167488,15.878078817733993,18.892857142857142,18.720899470899464,8.678571428571429,14.411904761904763,15.685960591133005,18.428571428571423,18.635714285714286,10.073809523809526,14.49137931034483,18.268518518518515,16.088095238095235,19.571428571428573,6.966748768472905,16.25,17.188095238095233,20.07142857142857,19.82142857142857,10.434729064039411,15.357142857142858,16.126847290640395,17.807142857142853,17.85952380952381,10.583333333333334,15.035714285714286,13.754761904761903,18.000000000000004,18.807142857142857,10.92857142857143,16.257936507936506,16.572751322751323,19.697619047619042,19.035714285714285,10.86330049261084,13.035714285714288,15.944581280788178,18.419950738916253,19.538177339901477,10.841133004926109,14.937192118226603,16.479064039408865,20.571428571428577,20.331280788177335,5.035714285714285,14.013546798029559,17.435714285714283,18.828817733990146,20.249999999999996
1,13.285714285714286,0.0,17.714285714285715,19.54064039408867,22.571428571428573,12.905172413793103,9.222906403940886,18.360837438423648,19.107142857142858,22.21560846560846,12.750000000000002,9.369047619047617,16.944581280788178,19.64285714285714,20.630952380952387,14.230952380952377,8.557881773399014,20.45634920634921,19.302380952380954,21.142857142857142,12.969211822660098,10.464285714285714,17.430952380952387,20.71428571428572,21.392857142857142,10.582512315270938,9.285714285714286,17.76724137931034,18.502380952380953,18.16904761904762,11.911904761904761,10.821428571428571,16.859523809523807,19.928571428571434,20.411904761904765,11.785714285714286,10.260582010582011,20.244708994708994,19.51666666666667,20.46428571428571,13.065270935960593,10.107142857142856,19.910098522167488,21.01600985221675,20.466748768472907,14.363300492610836,10.63669950738916,16.66133004926109,22.071428571428573,22.988916256157637,13.90238095238095,4.535714285714286,18.245238095238097,19.40024630541872,22.107142857142854
2,16.357142857142858,17.714285714285715,0.0,21.442118226600986,18.142857142857146,17.607142857142858,18.915024630541872,10.624384236453203,21.178571428571427,18.93253968253968,17.82142857142857,19.502380952380953,9.801724137931036,21.500000000000004,18.716666666666676,13.673809523809522,19.092364532019708,9.255291005291003,19.35952380952381,18.857142857142858,17.4692118226601,18.75,9.73095238095238,19.07142857142857,16.392857142857146,18.043103448275865,19.28571428571429,10.407635467980297,19.892857142857146,14.621428571428568,16.79761904761905,17.892857142857142,11.278571428571428,20.142857142857146,16.93095238095238,16.42857142857143,20.530423280423282,11.28968253968254,19.650000000000002,17.10714285714286,14.525862068965518,18.178571428571427,8.06527093596059,18.299261083743847,18.1243842364532,15.390394088669952,20.25985221674877,11.282019704433495,19.14285714285714,17.732758620689655,17.754761904761907,17.121921182266014,4.22142857142857,21.4667487684729,17.821428571428573
3,19.033251231527093,19.54064039408867,21.442118226600986,0.0,23.538177339901477,18.241379310344826,19.55172413793104,17.206896551724135,10.041871921182269,24.303959131545337,18.273399014778324,16.343678160919538,17.413793103448278,8.55295566502463,23.377011494252873,15.505747126436784,19.586206896551722,20.196679438058744,9.472413793103449,24.26724137931034,15.89655172413793,17.990147783251235,18.016091954022986,10.562807881773397,24.74384236453202,16.206896551724142,19.358374384236452,17.862068965517246,10.380459770114944,22.251724137931035,17.35747126436782,21.118226600985224,18.348275862068963,8.34113300492611,23.267816091954025,19.545566502463057,21.15453384418901,18.950191570881227,8.051724137931034,24.349753694581278,18.241379310344826,20.564039408866996,19.96551724137931,10.103448275862071,23.75862068965517,16.82758620689655,20.206896551724135,18.000000000000004,11.279556650246306,23.89655172413793,18.310344827586206,18.82758620689655,20.356321839080458,3.7931034482758625,23.67241379310345
4,19.71428571428571,22.571428571428573,18.142857142857146,23.538177339901477,0.0,21.222906403940883,23.910098522167484,18.708128078817737,23.392857142857142,11.66005291005291,18.96428571428571,22.092857142857145,18.084975369458128,23.499999999999996,11.25952380952381,19.521428571428576,21.69334975369458,17.75529100529101,21.702380952380953,10.000000000000002,19.83374384236453,25.107142857142854,18.388095238095236,24.28571428571429,8.535714285714286,22.001231527093594,22.857142857142858,16.69827586206896,22.25952380952381,8.697619047619048,19.978571428571428,25.107142857142858,16.145238095238096,22.57142857142857,10.164285714285715,21.142857142857142,25.289682539682534,19.42724867724868,23.026190476190475,8.678571428571427,21.225369458128082,21.67857142857143,17.27955665024631,22.681034482758623,11.131773399014781,20.29679802955665,23.249999999999996,16.065270935960594,22.642857142857142,10.442118226600988,19.516666666666662,22.64408866995074,17.02619047619048,23.405172413793107,3.678571428571428
5,10.114532019704434,12.905172413793103,17.607142857142858,18.241379310344826,21.222906403940883,0.0,14.068965517241379,15.793103448275863,17.706896551724135,18.644955300127712,9.960591133004927,12.194252873563219,16.206896551724135,17.649014778325125,18.20919540229885,10.39770114942529,12.448275862068964,17.96040868454662,16.75287356321839,19.717980295566502,7.448275862068964,15.315270935960593,16.383908045977016,18.850985221674875,20.155172413793107,9.344827586206897,13.183497536945813,15.827586206896552,18.598850574712646,17.316091954022987,9.437931034482759,15.337438423645322,15.628735632183908,18.51354679802956,19.435632183908044,9.594827586206897,16.954022988505745,19.288633461047255,16.854022988505747,18.830049261083744,10.275862068965518,13.229064039408867,16.96551724137931,17.10344827586207,20.137931034482754,10.586206896551724,13.689655172413794,17.551724137931036,17.988916256157633,20.758620689655178,10.5632183908046,12.86206896551724,17.496551724137927,17.89655172413793,21.09852216748768
6,14.910098522167488,9.222906403940886,18.915024630541872,19.55172413793104,23.910098522167484,14.068965517241379,0.0,18.689655172413794,18.197044334975363,20.167305236270753,13.839901477832514,9.748275862068965,17.931034482758623,18.116995073891626,22.234482758620693,14.609195402298852,8.448275862068966,21.31417624521073,19.214942528735637,22.185960591133004,13.86206896551724,8.18472906403941,17.86666666666667,19.624384236453206,22.20689655172414,11.482758620689658,9.969211822660098,18.310344827586203,18.162068965517243,18.55517241379311,12.099999999999998,9.273399014778327,18.817241379310346,19.865763546798032,23.382758620689657,11.311576354679804,9.55683269476373,21.733077905491697,18.49080459770115,21.810344827586203,12.551724137931037,10.253694581280788,20.96551724137931,20.62068965517242,19.310344827586206,13.344827586206899,8.448275862068966,18.517241379310345,21.385467980295566,21.724137931034484,14.96551724137931,9.689655172413792,18.659770114942532,19.06896551724138,23.630541871921178
7,15.878078817733993,18.360837438423648,10.624384236453203,17.206896551724135,18.708128078817737,15.793103448275863,18.689655172413794,0.0,18.394088669950737,20.312899106002558,15.347290640394087,17.904597701149424,9.379310344827587,18.774630541871918,19.151724137931037,14.496551724137932,19.620689655172413,10.619412515964239,16.619540229885054,19.6564039408867,15.172413793103448,20.032019704433495,10.763218390804598,18.671182266009854,17.5615763546798,14.379310344827589,18.944581280788178,10.172413793103448,18.208045977011498,15.762068965517242,15.120689655172415,20.295566502463046,10.782758620689656,18.51108374384237,17.391954022988504,16.254926108374384,21.579821200510857,10.04469987228608,17.663218390804595,17.97290640394089,14.206896551724139,21.751231527093598,8.275862068965516,14.620689655172413,17.17241379310345,15.620689655172416,19.344827586206897,9.206896551724139,17.454433497536943,19.03448275862069,15.889655172413795,17.413793103448278,10.367816091954026,17.0,18.49014778325123
8,18.892857142857142,19.107142857142858,21.178571428571427,10.041871921182269,23.392857142857142,17.706896551724135,18.197044334975363,18.394088669950737,0.0,21.597883597883595,17.71428571428571,17.257142857142856,17.128078817733993,6.678571428571427,22.928571428571427,16.204761904761902,18.620689655172416,19.711640211640212,9.252380952380951,21.53571428571429,16.384236453201968,18.571428571428573,16.89047619047619,10.821428571428571,23.0,18.091133004926107,18.89285714285714,16.916256157635466,8.280952380952378,21.16190476190476,16.742857142857144,19.857142857142858,18.995238095238097,10.250000000000002,22.195238095238096,18.89285714285714,19.24603174603175,19.658730158730158,8.933333333333334,22.78571428571429,18.251231527093598,20.214285714285708,19.243842364532018,10.330049261083744,23.684729064039406,16.697044334975367,18.177339901477833,18.899014778325125,11.392857142857142,23.362068965517242,18.44285714285714,18.428571428571427,20.090476190476185,9.694581280788178,23.57142857142857
9,18.720899470899464,22.21560846560846,18.93253968253968,24.303959131545337,11.66005291005291,18.644955300127712,20.167305236270753,20.312899106002558,21.597883597883595,0.0,17.17989417989418,19.92222222222222,19.602809706257986,21.250000000000004,11.385185185185184,17.45925925925926,19.228607918263094,20.51851851851852,20.09259259259259,11.707671957671959,19.025542784163473,22.20899470899471,19.14814814814815,23.231481481481477,9.835978835978837,20.250319284802046,20.167989417989418,17.43550446998723,21.425925925925927,10.062962962962962,17.974074074074075,23.203703703703706,20.3,22.77645502645503,11.625925925925927,16.773809523809522,23.11111111111111,20.74074074074074,21.085185185185182,11.566137566137568,19.212005108556834,20.735449735449738,19.27841634738186,22.98212005108557,10.994891443167305,17.734355044699875,19.977011494252874,18.168582375478927,22.96693121693121,10.088122605363985,19.00740740740741,21.713920817369093,19.06666666666667,23.823754789272026,11.74074074074074
10,8.678571428571429,12.750000000000002,17.82142857142857,18.273399014778324,18.96428571428571,9.960591133004927,13.839901477832514,15.347290640394087,17.71428571428571,17.17989417989418,0.0,13.395238095238096,12.820197044334977,17.03571428571429,16.44761904761905,10.01904761904762,13.133004926108375,16.677248677248677,16.56666666666667,16.821428571428573,8.507389162561575,15.571428571428571,16.35238095238095,19.17857142857143,17.714285714285715,9.389162561576354,12.964285714285714,15.263546798029555,17.980952380952385,15.276190476190479,8.49047619047619,15.642857142857144,13.533333333333333,18.607142857142854,18.985714285714288,9.964285714285714,15.481481481481481,16.439153439153436,18.1,17.07142857142857,9.889162561576356,14.357142857142858,16.411330049261085,17.226600985221673,19.061576354679804,9.74384236453202,14.044334975369459,15.731527093596062,19.392857142857146,18.615763546798032,9.295238095238096,13.238916256157635,17.73809523809524,18.344827586206897,19.285714285714285
11,14.411904761904763,9.369047619047617,19.502380952380953,16.343678160919538,22.092857142857145,12.194252873563219,9.748275862068965,17.904597701149424,17.257142857142856,19.92222222222222,13.395238095238096,0.0,17.203448275862073,17.650000000000002,18.900000000000002,13.033333333333331,8.518390804597702,20.203703703703702,15.666666666666668,20.89761904761905,12.010344827586207,10.285714285714286,16.7,17.026190476190475,21.814285714285713,9.63793103448276,10.254761904761905,17.06551724137931,16.666666666666668,18.400000000000002,12.066666666666666,10.047619047619047,17.2,17.730952380952377,20.26666666666667,13.078571428571431,9.277777777777779,20.751851851851853,16.666666666666664,19.547619047619047,13.014942528735634,10.461904761904762,20.10459770114943,18.525287356321844,19.017241379310345,11.849425287356322,8.902298850574711,15.971264367816092,19.221428571428575,20.920689655172417,14.233333333333333,8.87471264367816,18.766666666666666,16.43103448275862,22.085714285714285
12,15.685960591133005,16.944581280788178,9.801724137931036,17.413793103448278,18.084975369458128,16.206896551724135,17.931034482758623,9.379310344827587,17.128078817733993,19.602809706257986,12.820197044334977,17.203448275862073,0.0,17.387931034482758,17.388505747126437,12.783908045977011,17.82758620689655,7.84035759897829,16.03333333333333,17.08497536945813,14.896551724137932,18.62807881773399,9.622988505747127,16.78694581280788,16.02216748768473,14.931034482758623,17.58743842364532,8.172413793103448,16.700000000000003,14.54367816091954,12.73448275862069,17.034482758620687,9.856321839080461,17.19088669950739,17.27471264367816,13.821428571428571,19.444444444444443,9.62324393358876,16.720689655172414,15.268472906403941,12.413793103448276,18.391625615763544,8.068965517241379,14.827586206896552,19.03448275862069,12.86206896551724,19.827586206896555,8.655172413793105,16.54802955665025,16.758620689655174,16.78390804597701,16.448275862068968,9.489655172413794,17.20689655172414,17.463054187192114
13,18.428571428571423,19.64285714285714,21.500000000000004,8.55295566502463,23.499999999999996,17.649014778325125,18.116995073891626,18.774630541871918,6.678571428571427,21.250000000000004,17.03571428571429,17.650000000000002,17.387931034482758,0.0,22.19285714285714,16.18809523809524,19.454433497536943,19.87698412698413,7.9833333333333325,22.928571428571427,15.80418719211823,18.39285714285714,17.04047619047619,9.785714285714285,23.035714285714285,17.75492610837438,19.42857142857143,16.865763546798032,9.411904761904763,21.18809523809524,16.426190476190477,20.67857142857143,19.221428571428568,9.428571428571429,22.859523809523807,18.214285714285715,19.94047619047619,20.25,6.569047619047619,23.39285714285714,17.858374384236456,20.535714285714278,20.144088669950737,9.528325123152712,22.917487684729057,16.25,19.190886699507384,19.001231527093594,10.428571428571425,22.54802955665025,18.178571428571423,19.32389162561576,20.616666666666664,8.062807881773399,23.535714285714285
14,18.635714285714286,20.630952380952387,18.716666666666676,23.377011494252873,11.25952380952381,18.20919540229885,22.234482758620693,19.151724137931037,22.928571428571427,11.385185185185184,16.44761904761905,18.900000000000002,17.388505747126437,22.19285714285714,0.0,16.4,19.44367816091954,20.259259259259263,19.633333333333333,9.721428571428572,18.349425287356322,21.666666666666668,19.0,22.18809523809524,8.485714285714286,17.993103448275864,19.49285714285714,17.46206896551724,21.166666666666668,9.233333333333333,19.366666666666667,22.199999999999996,18.833333333333332,21.188095238095237,8.833333333333332,17.750000000000004,21.71851851851851,19.881481481481483,21.56666666666667,9.414285714285713,18.08505747126437,19.6047619047619,18.45287356321839,21.839080459770116,10.377011494252875,18.422988505747128,20.12183908045977,16.31494252873563,21.626190476190477,8.255172413793103,17.133333333333333,20.137931034482758,18.06666666666667,22.993103448275864,10.871428571428572
15,10.073809523809526,14.230952380952377,13.673809523809522,15.505747126436784,19.521428571428576,10.39770114942529,14.609195402298852,14.496551724137932,16.204761904761902,17.45925925925926,10.01904761904762,13.033333333333331,12.783908045977011,16.18809523809524,16.4,0.0,12.542528735632182,15.103703703703701,12.9,18.340476190476192,9.439080459770116,14.657142857142858,14.2,16.8547619047619,18.157142857142855,10.10344827586207,14.107142857142858,14.234482758620693,14.700000000000001,17.300000000000004,9.899999999999999,15.171428571428573,13.299999999999997,16.369047619047624,16.766666666666666,10.511904761904763,16.296296296296298,13.429629629629629,14.366666666666665,18.1952380952381,8.87586206896552,12.923809523809524,13.565517241379311,15.200000000000001,18.434482758620693,6.8229885057471265,14.312643678160917,14.351724137931033,16.37857142857143,18.335632183908046,9.266666666666666,13.301149425287356,12.733333333333333,14.717241379310346,19.7
16,14.49137931034483,8.557881773399014,19.092364532019708,19.586206896551722,21.69334975369458,12.448275862068964,8.448275862068966,19.620689655172413,18.620689655172416,19.228607918263094,13.133004926108375,8.518390804597702,17.82758620689655,19.454433497536943,19.44367816091954,12.542528735632182,0.0,20.3397190293742,19.355172413793106,20.806650246305413,12.724137931034484,9.783251231527096,18.370114942528733,20.277093596059114,21.01477832512315,9.448275862068966,9.818965517241379,18.068965517241384,18.277011494252875,17.911494252873567,12.187356321839081,10.248768472906404,18.22873563218391,20.21551724137931,20.56896551724138,11.163793103448276,10.717752234993613,20.636015325670503,19.04942528735632,21.145320197044335,12.379310344827585,10.448275862068966,20.931034482758623,20.586206896551722,19.68965517241379,12.827586206896553,8.689655172413794,16.13793103448276,21.47906403940887,21.206896551724142,13.691954022988506,8.413793103448278,18.445977011494254,19.37931034482759,20.92364532019704
17,18.268518518518515,20.45634920634921,9.255291005291003,20.196679438058744,17.75529100529101,17.96040868454662,21.31417624521073,10.619412515964239,19.711640211640212,20.51851851851852,16.677248677248677,20.203703703703702,7.84035759897829,19.87698412698413,20.259259259259263,15.103703703703701,20.3397190293742,0.0,18.07037037037037,18.40343915343915,17.444444444444446,20.253968253968257,10.837037037037033,17.511904761904763,17.222222222222218,18.183908045977013,19.06746031746032,9.524904214559385,19.462962962962965,16.144444444444442,15.67037037037037,18.44973544973545,10.270370370370367,19.83730158730159,17.885185185185183,17.199735449735446,22.962962962962962,9.555555555555555,18.262962962962963,17.53174603174603,15.140485312899104,21.584656084656086,6.665389527458493,16.621966794380587,19.378033205619413,15.504469987228607,21.979565772669222,10.942528735632186,16.998677248677247,19.227330779054917,19.103703703703708,18.92209450830141,9.748148148148148,19.97956577266922,17.674603174603174
18,16.088095238095235,19.302380952380954,19.35952380952381,9.472413793103449,21.702380952380953,16.75287356321839,19.214942528735637,16.619540229885054,9.252380952380951,20.09259259259259,16.56666666666667,15.666666666666668,16.03333333333333,7.9833333333333325,19.633333333333333,12.9,19.355172413793106,18.07037037037037,0.0,20.11666666666667,14.14367816091954,19.2952380952381,16.1,9.473809523809525,20.72380952380952,15.495402298850577,19.08809523809524,16.46551724137931,6.800000000000001,20.266666666666666,15.799999999999999,19.504761904761907,17.26666666666667,8.321428571428571,19.866666666666667,17.730952380952385,20.21851851851852,17.47037037037037,8.333333333333332,20.114285714285714,16.251724137931035,18.74761904761905,16.359770114942528,9.424137931034485,20.442528735632187,13.624137931034483,19.274712643678164,16.94137931034482,9.421428571428573,20.364367816091956,14.899999999999999,18.578160919540235,18.366666666666674,8.539080459770114,21.676190476190477
19,19.571428571428573,21.142857142857142,18.857142857142858,24.26724137931034,10.000000000000002,19.717980295566502,22.185960591133004,19.6564039408867,21.53571428571429,11.707671957671959,16.821428571428573,20.89761904761905,17.08497536945813,22.928571428571427,9.721428571428572,18.340476190476192,20.806650246305413,18.40343915343915,20.11666666666667,0.0,19.50615763546798,24.678571428571427,19.173809523809524,23.57142857142857,8.178571428571427,20.080049261083744,20.857142857142854,18.084975369458128,21.84047619047619,8.878571428571428,18.67857142857143,22.03571428571428,17.33095238095238,23.21428571428571,9.645238095238096,19.571428571428573,22.927248677248674,18.218253968253965,22.735714285714284,9.464285714285714,19.695812807881776,20.464285714285715,18.713054187192117,23.461822660098523,11.242610837438422,18.065270935960594,21.732758620689655,16.799261083743843,23.57142857142857,8.400246305418719,19.045238095238094,20.63177339901478,18.392857142857142,24.439655172413794,10.250000000000004
20,6.966748768472905,12.969211822660098,17.4692118226601,15.89655172413793,19.83374384236453,7.448275862068964,13.86206896551724,15.172413793103448,16.384236453201968,19.025542784163473,8.507389162561575,12.010344827586207,14.896551724137932,15.80418719211823,18.349425287356322,9.439080459770116,12.724137931034484,17.444444444444446,14.14367816091954,19.50615763546798,0.0,15.172413793103448,17.151724137931033,16.863300492610836,19.687192118226598,8.517241379310347,13.523399014778326,16.03448275862069,16.01264367816092,17.22873563218391,8.858620689655174,15.061576354679804,13.557471264367816,15.910098522167486,18.55977011494253,8.976600985221676,16.74201787994891,17.962962962962962,15.548275862068964,18.39901477832512,9.24137931034483,12.618226600985222,17.379310344827587,14.344827586206897,20.06896551724138,8.862068965517242,13.827586206896552,16.17241379310345,16.806650246305416,20.27586206896552,7.321839080459769,13.068965517241379,17.673563218390807,15.75862068965517,19.78571428571428
21,16.25,10.464285714285714,18.75,17.990147783251235,25.107142857142854,15.315270935960593,8.18472906403941,20.032019704433495,18.571428571428573,22.20899470899471,15.571428571428571,10.285714285714286,18.62807881773399,18.39285714285714,21.666666666666668,14.657142857142858,9.783251231527096,20.253968253968257,19.2952380952381,24.678571428571427,15.172413793103448,0.0,18.038095238095238,19.321428571428573,23.57142857142857,12.866995073891625,10.964285714285717,18.238916256157633,18.071428571428573,20.36666666666667,14.866666666666665,9.928571428571429,19.60952380952381,19.678571428571427,23.03809523809524,13.75,9.896825396825395,21.195767195767193,17.585714285714285,22.714285714285715,13.766009852216749,10.642857142857144,19.926108374384235,19.992610837438423,21.625615763546794,15.214285714285715,9.103448275862068,18.566502463054192,20.03571428571429,21.9679802955665,15.957142857142856,10.497536945812808,18.666666666666668,18.229064039408865,24.928571428571427
22,17.188095238095233,17.430952380952387,9.73095238095238,18.016091954022986,18.388095238095236,16.383908045977016,17.86666666666667,10.763218390804598,16.89047619047619,19.14814814814815,16.35238095238095,16.7,9.622988505747127,17.04047619047619,19.0,14.2,18.370114942528733,10.837037037037033,16.1,19.173809523809524,17.151724137931033,18.038095238095238,0.0,16.345238095238095,17.19047619047619,17.20919540229885,18.578571428571426,8.880459770114944,16.433333333333334,14.833333333333332,13.433333333333332,17.15714285714286,9.233333333333333,16.75952380952381,16.7,15.854761904761906,19.51111111111111,11.007407407407406,17.166666666666664,17.28095238095238,14.222988505747129,18.014285714285716,8.583908045977012,16.05977011494253,17.186206896551727,14.809195402298851,17.77241379310345,10.062068965517241,17.259523809523806,16.937931034482762,17.466666666666672,15.698850574712642,9.0,17.813793103448276,18.46666666666667
23,20.07142857142857,20.71428571428572,19.07142857142857,10.562807881773397,24.28571428571429,18.850985221674875,19.624384236453206,18.671182266009854,10.821428571428571,23.231481481481477,19.17857142857143,17.026190476190475,16.78694581280788,9.785714285714285,22.18809523809524,16.8547619047619,20.277093596059114,17.511904761904763,9.473809523809525,23.57142857142857,16.863300492610836,19.321428571428573,16.345238095238095,0.0,23.607142857142858,16.72536945812808,21.42857142857143,16.698275862068964,8.802380952380952,21.697619047619046,17.392857142857142,17.749999999999996,18.53095238095238,8.428571428571429,22.816666666666663,20.142857142857146,20.57804232804233,17.850529100529098,10.454761904761904,23.964285714285715,17.53571428571429,20.750000000000007,18.5628078817734,8.79433497536946,23.47167487684729,16.12192118226601,20.001231527093598,17.887931034482758,9.571428571428571,23.747536945812808,20.173809523809528,19.006157635467982,18.378571428571433,10.429802955665023,24.32142857142857
24,19.82142857142857,21.392857142857142,16.392857142857146,24.74384236453202,8.535714285714286,20.155172413793107,22.20689655172414,17.5615763546798,23.0,9.835978835978837,17.714285714285715,21.814285714285713,16.02216748768473,23.035714285714285,8.485714285714286,18.157142857142855,21.01477832512315,17.222222222222218,20.72380952380952,8.178571428571427,19.687192118226598,23.57142857142857,17.19047619047619,23.607142857142858,0.0,20.310344827586203,21.392857142857142,16.041871921182263,21.247619047619047,5.6809523809523785,18.376190476190473,22.285714285714285,17.13809523809524,23.035714285714285,9.080952380952382,19.17857142857143,23.497354497354497,17.275132275132275,22.252380952380953,7.928571428571428,19.26354679802955,21.07142857142857,15.630541871921183,21.660098522167488,9.076354679802956,17.72906403940886,21.334975369458125,14.667487684729066,21.107142857142858,7.995073891625615,19.15238095238095,20.746305418719214,16.161904761904765,23.738916256157633,8.071428571428571
25,10.434729064039411,10.582512315270938,18.043103448275865,16.206896551724142,22.001231527093594,9.344827586206897,11.482758620689658,14.379310344827589,18.091133004926107,20.250319284802046,9.389162561576354,9.63793103448276,14.931034482758623,17.75492610837438,17.993103448275864,10.10344827586207,9.448275862068966,18.183908045977013,15.495402298850577,20.080049261083744,8.517241379310347,12.866995073891625,17.20919540229885,16.72536945812808,20.310344827586203,0.0,11.555418719211824,15.931034482758623,17.33678160919541,17.598850574712646,9.136781609195403,13.586206896551724,15.263218390804598,17.062807881773402,20.568965517241377,10.570197044334977,14.117496807151976,18.288633461047255,17.03103448275862,19.435960591133007,10.03448275862069,13.30049261083744,17.689655172413794,16.31034482758621,18.448275862068964,10.206896551724139,10.413793103448278,14.06896551724138,17.74507389162562,21.0,10.22528735632184,9.862068965517244,17.62528735632184,16.620689655172416,21.953201970443345
26,15.357142857142858,9.285714285714286,19.28571428571429,19.358374384236452,22.857142857142858,13.183497536945813,9.969211822660098,18.944581280788178,18.89285714285714,20.167989417989418,12.964285714285714,10.254761904761905,17.58743842364532,19.42857142857143,19.49285714285714,14.107142857142858,9.818965517241379,19.06746031746032,19.08809523809524,20.857142857142854,13.523399014778326,10.964285714285717,18.578571428571426,21.42857142857143,21.392857142857142,11.555418719211824,0.0,17.328817733990146,19.66428571428571,18.53095238095238,12.054761904761907,10.67857142857143,17.61190476190476,21.285714285714285,21.150000000000002,12.499999999999998,11.0515873015873,20.596560846560845,17.611904761904757,20.249999999999996,14.939655172413794,10.607142857142856,19.033251231527093,20.722906403940883,20.149014778325125,14.104679802955664,10.821428571428573,16.570197044334975,20.285714285714285,21.905172413793107,15.788095238095238,9.91256157635468,19.097619047619048,19.708128078817737,22.89285714285714
27,16.126847290640395,17.76724137931034,10.407635467980297,17.862068965517246,16.69827586206896,15.827586206896552,18.310344827586203,10.172413793103448,16.916256157635466,17.43550446998723,15.263546798029555,17.06551724137931,8.172413793103448,16.865763546798032,17.46206896551724,14.234482758620693,18.068965517241384,9.524904214559385,16.46551724137931,18.084975369458128,16.03448275862069,18.238916256157633,8.880459770114944,16.698275862068964,16.041871921182263,15.931034482758623,17.328817733990146,0.0,16.819540229885057,14.35057471264368,12.217241379310346,16.352216748768473,9.302298850574715,16.769704433497537,16.82183908045977,14.518472906403941,19.50702426564495,10.46998722860792,15.93448275862069,16.096059113300495,13.0,18.812807881773395,9.20689655172414,15.000000000000002,17.413793103448274,14.758620689655173,19.517241379310345,7.2413793103448265,16.97167487684729,17.0,16.20919540229885,16.137931034482754,9.797701149425288,17.586206896551726,16.54433497536946
28,17.807142857142853,18.502380952380953,19.892857142857146,10.380459770114944,22.25952380952381,18.598850574712646,18.162068965517243,18.208045977011498,8.280952380952378,21.425925925925927,17.980952380952385,16.666666666666668,16.700000000000003,9.411904761904763,21.166666666666668,14.700000000000001,18.277011494252875,19.462962962962965,6.800000000000001,21.84047619047619,16.01264367816092,18.071428571428573,16.433333333333334,8.802380952380952,21.247619047619047,17.33678160919541,19.66428571428571,16.819540229885057,0.0,21.133333333333336,17.333333333333336,18.47619047619048,18.733333333333334,8.335714285714284,20.200000000000006,18.98333333333333,19.707407407407402,18.025925925925925,9.866666666666667,21.747619047619047,16.313793103448276,18.795238095238098,17.587356321839085,9.748275862068967,21.580459770114945,15.835632183908046,18.451724137931038,18.152873563218392,10.050000000000002,21.688505747126438,16.83333333333334,17.47011494252874,18.16666666666667,9.722988505747129,22.0
29,17.85952380952381,18.16904761904762,14.621428571428568,22.251724137931035,8.697619047619048,17.316091954022987,18.55517241379311,15.762068965517242,21.16190476190476,10.062962962962962,15.276190476190479,18.400000000000002,14.54367816091954,21.18809523809524,9.233333333333333,17.300000000000004,17.911494252873567,16.144444444444442,20.266666666666666,8.878571428571428,17.22873563218391,20.36666666666667,14.833333333333332,21.697619047619046,5.6809523809523785,17.598850574712646,18.53095238095238,14.35057471264368,21.133333333333336,0.0,16.133333333333333,19.961904761904766,15.266666666666666,21.221428571428575,9.399999999999999,16.68809523809524,20.403703703703705,17.611111111111107,20.533333333333335,7.242857142857142,17.479310344827585,19.466666666666672,15.743678160919542,20.25402298850575,8.782758620689656,16.539080459770116,18.578160919540238,13.343678160919541,20.854761904761897,7.824137931034483,17.700000000000003,17.43563218390805,14.033333333333333,21.750574712643676,8.423809523809524
30,10.583333333333334,11.911904761904761,16.79761904761905,17.35747126436782,19.978571428571428,9.437931034482759,12.099999999999998,15.120689655172415,16.742857142857144,17.974074074074075,8.49047619047619,12.066666666666666,12.73448275862069,16.426190476190477,19.366666666666667,9.899999999999999,12.187356321839081,15.67037037037037,15.799999999999999,18.67857142857143,8.858620689655174,14.866666666666665,13.433333333333332,17.392857142857142,18.376190476190473,9.136781609195403,12.054761904761907,12.217241379310346,17.333333333333336,16.133333333333333,0.0,13.780952380952384,12.666666666666664,17.69761904761905,20.533333333333335,9.288095238095238,16.122222222222224,15.81111111111111,15.399999999999999,17.457142857142863,10.231034482758622,13.414285714285715,15.42183908045977,16.63793103448276,19.522988505747126,9.32758620689655,13.801149425287354,13.43103448275862,18.25,20.21954022988506,10.433333333333332,11.233333333333333,16.366666666666667,17.05632183908046,20.004761904761907
31,15.035714285714286,10.821428571428571,17.892857142857142,21.118226600985224,25.107142857142858,15.337438423645322,9.273399014778327,20.295566502463046,19.857142857142858,23.203703703703706,15.642857142857144,10.047619047619047,17.034482758620687,20.67857142857143,22.199999999999996,15.171428571428573,10.248768472906404,18.44973544973545,19.504761904761907,22.03571428571428,15.061576354679804,9.928571428571429,17.15714285714286,17.749999999999996,22.285714285714285,13.586206896551724,10.67857142857143,16.352216748768473,18.47619047619048,19.961904761904766,13.780952380952384,0.0,17.380952380952383,20.39285714285714,23.333333333333332,13.535714285714286,9.56084656084656,19.285714285714285,20.252380952380957,22.0,13.539408866995075,10.571428571428573,19.923645320197043,21.576354679802957,22.068965517241377,15.0935960591133,10.534482758620692,17.194581280788178,21.67857142857143,22.753694581280783,15.938095238095238,10.783251231527094,18.099999999999998,20.55418719211822,24.714285714285715
32,13.754761904761903,16.859523809523807,11.278571428571428,18.348275862068963,16.145238095238096,15.628735632183908,18.817241379310346,10.782758620689656,18.995238095238097,20.3,13.533333333333333,17.2,9.856321839080461,19.221428571428568,18.833333333333332,13.299999999999997,18.22873563218391,10.270370370370367,17.26666666666667,17.33095238095238,13.557471264367816,19.60952380952381,9.233333333333333,18.53095238095238,17.13809523809524,15.263218390804598,17.61190476190476,9.302298850574715,18.733333333333334,15.266666666666666,12.666666666666664,17.380952380952383,0.0,18.245238095238097,15.933333333333334,15.088095238095239,19.5,10.825925925925924,18.599999999999998,17.13333333333333,13.56896551724138,17.438095238095237,9.693103448275862,17.419540229885058,18.633333333333333,13.651724137931033,19.33448275862069,9.366666666666667,18.730952380952377,18.03563218390805,13.166666666666666,16.773563218390805,10.966666666666665,17.74367816091954,16.15714285714286
33,18.000000000000004,19.928571428571434,20.142857142857146,8.34113300492611,22.57142857142857,18.51354679802956,19.865763546798032,18.51108374384237,10.250000000000002,22.77645502645503,18.607142857142854,17.730952380952377,17.19088669950739,9.428571428571429,21.188095238095237,16.369047619047624,20.21551724137931,19.83730158730159,8.321428571428571,23.21428571428571,15.910098522167486,19.678571428571427,16.75952380952381,8.428571428571429,23.035714285714285,17.062807881773402,21.285714285714285,16.769704433497537,8.335714285714284,21.221428571428575,17.69761904761905,20.39285714285714,18.245238095238097,0.0,21.621428571428574,19.57142857142857,20.003968253968246,19.87962962962963,8.807142857142857,22.892857142857142,16.814039408866993,19.535714285714285,19.786945812807883,10.560344827586208,23.814039408866996,15.89285714285714,20.451970443349754,19.208128078817733,10.642857142857144,23.163793103448278,17.473809523809525,18.752463054187196,18.773809523809526,7.836206896551723,22.464285714285708
34,18.807142857142857,20.411904761904765,16.93095238095238,23.267816091954025,10.164285714285715,19.435632183908044,23.382758620689657,17.391954022988504,22.195238095238096,11.625925925925927,18.985714285714288,20.26666666666667,17.27471264367816,22.859523809523807,8.833333333333332,16.766666666666666,20.56896551724138,17.885185185185183,19.866666666666667,9.645238095238096,18.55977011494253,23.03809523809524,16.7,22.816666666666663,9.080952380952382,20.568965517241377,21.150000000000002,16.82183908045977,20.200000000000006,9.399999999999999,20.533333333333335,23.333333333333332,15.933333333333334,21.621428571428574,0.0,19.62619047619048,23.099999999999998,17.67777777777778,22.066666666666674,10.885714285714284,19.49080459770115,19.176190476190477,15.91609195402299,22.3183908045977,9.700000000000001,18.872413793103448,21.297701149425293,15.568965517241379,22.273809523809522,9.162068965517243,17.233333333333334,20.50689655172414,15.700000000000001,22.419540229885055,9.161904761904761
35,10.92857142857143,11.785714285714286,16.42857142857143,19.545566502463057,21.142857142857142,9.594827586206897,11.311576354679804,16.254926108374384,18.89285714285714,16.773809523809522,9.964285714285714,13.078571428571431,13.821428571428571,18.214285714285715,17.750000000000004,10.511904761904763,11.163793103448276,17.199735449735446,17.730952380952385,19.571428571428573,8.976600985221676,13.75,15.854761904761906,20.142857142857146,19.17857142857143,10.570197044334977,12.499999999999998,14.518472906403941,18.98333333333333,16.68809523809524,9.288095238095238,13.535714285714286,15.088095238095239,19.57142857142857,19.62619047619048,0.0,15.035714285714283,17.22619047619047,17.526190476190475,17.107142857142858,10.14655172413793,12.392857142857142,17.011083743842363,17.73768472906404,19.314039408866996,10.333743842364532,13.34113300492611,16.282019704433498,20.28571428571429,20.264778325123153,10.835714285714285,11.86330049261084,16.269047619047623,19.48152709359606,20.96428571428571
36,16.257936507936506,10.260582010582011,20.530423280423282,21.15453384418901,25.289682539682534,16.954022988505745,9.55683269476373,21.579821200510857,19.24603174603175,23.11111111111111,15.481481481481481,9.277777777777779,19.444444444444443,19.94047619047619,21.71851851851851,16.296296296296298,10.717752234993613,22.962962962962962,20.21851851851852,22.927248677248674,16.74201787994891,9.896825396825395,19.51111111111111,20.57804232804233,23.497354497354497,14.117496807151976,11.0515873015873,19.50702426564495,19.707407407407402,20.403703703703705,16.122222222222224,9.56084656084656,19.5,20.003968253968246,23.099999999999998,15.035714285714283,0.0,22.370370370370367,19.31481481481481,22.055555555555554,15.097062579821198,10.386243386243386,22.51213282247765,22.07024265644955,21.77139208173691,15.438058748403577,9.920817369093232,19.343550446998723,22.48015873015873,22.399744572158365,16.192592592592593,11.20051085568327,20.15555555555555,20.67177522349936,25.044973544973544
37,16.572751322751323,20.244708994708994,11.28968253968254,18.950191570881227,19.42724867724868,19.288633461047255,21.733077905491697,10.04469987228608,19.658730158730158,20.74074074074074,16.439153439153436,20.751851851851853,9.62324393358876,20.25,19.881481481481483,13.429629629629629,20.636015325670503,9.555555555555555,17.47037037037037,18.218253968253965,17.962962962962962,21.195767195767193,11.007407407407406,17.850529100529098,17.275132275132275,18.288633461047255,20.596560846560845,10.46998722860792,18.025925925925925,17.611111111111107,15.81111111111111,19.285714285714285,10.825925925925924,19.87962962962963,17.67777777777778,17.22619047619047,22.370370370370367,0.0,18.359259259259254,17.77777777777778,15.656449553001277,20.21693121693121,8.177522349936144,16.93358876117497,19.245210727969347,15.841634738186462,22.727969348659006,10.712643678160921,19.128306878306876,18.862068965517246,17.01481481481482,19.361430395913153,11.31111111111111,18.638569604086847,18.833333333333332
38,19.697619047619042,19.51666666666667,19.650000000000002,8.051724137931034,23.026190476190475,16.854022988505747,18.49080459770115,17.663218390804595,8.933333333333334,21.085185185185182,18.1,16.666666666666664,16.720689655172414,6.569047619047619,21.56666666666667,14.366666666666665,19.04942528735632,18.262962962962963,8.333333333333332,22.735714285714284,15.548275862068964,17.585714285714285,17.166666666666664,10.454761904761904,22.252380952380953,17.03103448275862,17.611904761904757,15.93448275862069,9.866666666666667,20.533333333333335,15.399999999999999,20.252380952380957,18.599999999999998,8.807142857142857,22.066666666666674,17.526190476190475,19.31481481481481,18.359259259259254,0.0,22.133333333333333,17.30689655172414,19.84285714285714,17.833333333333336,10.231034482758622,22.44022988505747,15.01494252873563,19.27471264367816,17.89080459770115,8.96904761904762,21.84022988505747,18.500000000000004,18.541379310344826,18.16666666666667,7.617241379310346,22.500000000000004
