,0,1,2,3,4,5,6,7,8,9,10,11,12,13,14,15,16,17,18,19,20,21,22,23,24,25,26,27,28,29,30,31,32,33,34,35,36,37,38,39,40,41,42,43,44,45,46,47,48,49,50,51,52,53,54
0,0.0,74.725,67.84545454545454,79.63333333333334,71.78333333333333,54.2,68.97272727272727,72.08181818181818,77.84545454545454,82.1,42.233333333333334,60.79090909090909,70.82727272727273,85.27777777777779,77.10000000000001,60.300000000000004,73.47777777777779,84.9,71.57272727272728,81.67777777777779,39.35454545454546,74.5909090909091,79.6,84.6,93.875,48.27142857142857,66.16666666666667,74.3,81.73636363636363,73.1,48.11538461538461,72.51818181818182,65.0,80.41111111111111,75.70000000000002,58.5,65.18571428571428,71.35454545454544,79.64545454545456,70.70000000000002,55.154545454545456,57.45,78.30000000000001,78.66363636363637,71.9,58.445454545454545,66.9,63.03333333333333,85.5,62.52857142857143,31.083333333333336,64.93333333333334,62.56153846153846,83.61111111111111,79.0
1,74.725,0.0,90.26136363636364,105.18055555555556,98.625,75.775,61.01136363636364,90.69318181818181,95.69318181818181,107.23611111111111,72.20833333333334,58.96590909090909,89.67045454545455,106.09722222222223,108.98611111111111,85.125,55.597222222222214,101.075,99.44318181818181,105.65277777777777,75.26136363636364,65.2840909090909,95.775,104.92500000000001,115.5,61.80357142857143,58.45833333333333,92.09722222222221,98.42045454545453,92.775,65.74038461538461,66.94318181818181,89.57499999999999,107.98611111111111,107.725,71.32499999999999,63.26785714285714,98.19318181818181,100.625,97.57500000000002,74.375,60.45833333333333,101.725,100.92045454545455,92.125,81.44318181818181,66.825,79.80833333333334,104.79166666666666,93.73214285714286,80.04166666666666,40.541666666666664,85.20192307692307,106.45833333333334,105.875
2,67.84545454545454,90.26136363636364,0.0,85.46464646464648,68.20454545454547,74.35454545454546,75.63636363636364,47.45454545454545,79.0,82.1010101010101,69.68181818181819,72.81818181818181,52.72727272727273,88.20202020202021,82.3838383838384,70.32727272727273,83.27272727272728,57.89090909090909,78.36363636363636,89.41414141414143,72.27272727272728,80.81818181818181,54.481818181818184,78.80909090909091,89.92045454545455,64.03896103896103,73.21212121212122,56.80808080808082,82.63636363636364,71.98181818181817,59.56643356643357,77.81818181818181,54.28181818181818,86.13131313131314,73.34545454545454,74.56363636363636,70.36363636363636,50.36363636363636,82.0,74.43636363636364,63.36363636363636,68.79545454545453,46.45454545454545,67.45454545454545,73.18181818181819,68.45454545454545,78.34545454545454,45.79393939393939,75.83333333333334,65.07792207792207,62.583333333333336,75.68181818181819,29.069930069930074,88.33333333333334,78.55454545454545
3,79.63333333333334,105.18055555555556,85.46464646464648,0.0,93.75,89.81111111111112,90.77777777777777,81.40404040404042,58.303030303030305,102.33333333333334,85.22222222222223,83.47474747474747,82.79797979797979,61.44444444444446,105.44444444444446,86.08888888888889,100.11111111111113,100.46666666666667,58.939393939393945,105.0,77.31313131313132,90.86868686868686,93.9888888888889,64.1,114.95833333333333,80.12698412698413,88.22222222222223,89.8888888888889,61.333333333333336,95.22222222222223,78.89743589743591,100.11111111111111,90.56666666666666,55.111111111111114,96.44444444444444,93.64444444444445,91.85714285714286,83.5050505050505,51.868686868686865,99.8888888888889,82.74747474747474,90.91666666666667,92.0888888888889,62.77777777777778,97.2929292929293,80.78787878787878,95.6,79.71111111111111,61.83333333333334,85.5079365079365,80.41666666666667,95.27777777777779,82.56410256410257,37.777777777777786,105.7
4,71.78333333333333,98.625,68.20454545454547,93.75,0.0,78.88333333333334,86.73484848484848,75.87121212121212,87.55303030303031,61.361111111111114,70.25,77.29545454545455,75.8409090909091,95.47222222222223,62.69444444444444,86.08333333333333,91.13888888888889,83.15,86.21969696969697,69.19444444444446,78.6590909090909,92.61363636363636,85.55,96.28333333333333,63.87499999999999,72.17857142857142,82.91666666666666,73.36111111111111,89.38636363636363,51.95,74.85256410256412,96.17424242424242,77.28333333333333,91.58333333333334,54.78333333333333,83.35,82.94047619047619,75.47727272727272,93.93181818181819,53.95,78.6590909090909,76.33333333333334,82.94999999999999,81.64393939393939,56.11363636363637,83.88636363636363,84.05000000000001,63.81666666666666,86.75,46.70238095238095,69.66666666666667,78.58333333333334,67.67307692307692,95.25,32.95
5,54.2,75.775,74.35454545454546,89.81111111111112,78.88333333333334,0.0,72.26363636363637,78.20909090909092,84.40909090909092,82.1,52.7,64.00909090909092,81.2818181818182,90.5888888888889,82.85555555555555,62.9,71.54444444444445,84.30000000000001,85.15454545454546,85.61111111111111,51.06363636363636,74.84545454545454,86.80000000000001,94.0,98.225,55.471428571428575,65.13333333333334,83.67777777777778,95.11818181818182,74.89999999999999,47.823076923076925,82.33636363636364,77.2,94.1,81.50000000000001,58.9,76.5,79.48181818181818,84.55454545454546,75.7,56.02727272727273,64.75,82.1,84.35454545454546,78.08181818181819,60.518181818181816,73.5,73.83333333333333,87.03333333333333,71.0142857142857,54.28333333333333,65.26666666666668,71.7923076923077,91.58888888888889,83.6
6,68.97272727272727,61.01136363636364,75.63636363636364,90.77777777777777,86.73484848484848,72.26363636363637,0.0,77.81818181818181,83.0,92.7070707070707,69.22727272727272,59.36363636363636,81.45454545454545,92.34343434343435,98.86868686868686,83.96363636363637,58.62626262626263,98.70909090909092,85.63636363636363,98.84848484848486,70.63636363636363,48.27272727272727,86.22727272727273,88.7909090909091,105.92045454545453,58.480519480519476,55.1969696969697,85.81818181818181,85.18181818181819,84.98181818181817,61.44055944055944,59.63636363636363,80.10000000000001,93.06060606060606,93.80000000000001,63.54545454545455,50.62337662337662,84.72727272727272,86.0,86.96363636363637,63.36363636363636,54.916666666666664,89.76363636363637,85.27272727272727,75.9090909090909,74.0909090909091,56.92727272727273,70.04848484848485,86.54545454545455,75.05194805194805,70.97727272727273,50.151515151515156,72.55244755244755,93.66666666666667,96.13636363636364
7,72.08181818181818,90.69318181818181,47.45454545454545,81.40404040404042,75.87121212121212,78.20909090909092,77.81818181818181,0.0,77.54545454545455,91.61616161616162,73.96969696969697,78.27272727272728,56.36363636363637,88.54545454545453,90.20202020202021,77.54545454545456,89.21212121212122,64.5090909090909,81.45454545454545,95.1919191919192,72.27272727272728,88.63636363636364,61.64545454545455,87.77272727272727,96.69318181818181,63.688311688311686,77.81818181818183,66.78787878787878,83.72727272727272,73.18181818181819,65.1048951048951,91.27272727272727,61.66363636363637,91.06060606060606,79.01818181818183,81.29090909090908,79.84415584415584,52.0,84.72727272727272,77.83636363636364,67.18181818181819,83.17424242424244,54.2,69.27272727272728,70.27272727272728,72.27272727272728,81.67272727272729,46.07272727272727,79.56060606060606,73.62337662337663,68.21969696969697,76.37878787878788,46.93006993006993,86.97979797979798,82.95454545454547
8,77.84545454545454,95.69318181818181,79.0,58.303030303030305,87.55303030303031,84.40909090909092,83.0,77.54545454545455,0.0,93.12121212121212,76.74242424242425,77.81818181818181,78.63636363636363,46.93939393939394,101.7878787878788,87.30909090909091,92.39393939393939,96.9090909090909,51.0,101.0,76.9090909090909,86.0,87.17272727272729,59.336363636363636,109.67045454545455,80.48051948051948,82.6969696969697,82.69696969696969,48.18181818181819,90.76363636363637,70.86013986013987,91.0,89.64545454545456,62.44444444444444,98.6,85.23636363636363,79.18181818181819,81.9090909090909,51.0,94.61818181818182,79.09090909090908,86.47727272727272,86.87272727272727,56.45454545454545,94.0,78.18181818181819,85.8,80.66060606060606,54.60606060606061,84.36363636363635,75.78030303030303,84.95454545454547,77.0769230769231,56.72727272727273,98.39090909090909
9,82.1,107.23611111111111,82.1010101010101,102.33333333333334,61.361111111111114,82.1,92.7070707070707,91.61616161616162,93.12121212121212,0.0,73.61111111111111,83.7878787878788,89.71717171717172,97.77777777777779,69.33333333333334,85.6,93.55555555555557,94.53333333333333,87.85858585858585,69.55555555555556,86.85858585858585,98.35353535353536,96.83333333333333,106.23333333333335,69.98611111111111,84.15873015873015,90.38888888888889,84.22222222222223,94.65656565656568,66.11111111111111,78.25641025641025,101.3939393939394,93.14444444444445,104.33333333333334,72.26666666666667,84.06666666666666,88.82539682539682,86.08080808080808,96.66666666666666,66.04444444444445,83.72727272727275,86.08333333333334,86.95555555555555,95.27272727272728,60.95959595959596,88.57575757575756,91.75555555555556,74.71111111111111,100.0,58.047619047619044,74.47222222222221,89.77777777777777,82.17948717948718,104.33333333333334,67.25555555555556
10,42.233333333333334,72.20833333333334,69.68181818181819,85.22222222222223,70.25,52.7,69.22727272727272,73.96969696969697,76.74242424242425,73.61111111111111,0.0,62.8939393939394,66.2878787878788,84.38888888888889,72.61111111111111,57.93333333333334,67.0,84.83333333333334,78.3939393939394,77.44444444444444,49.39393939393939,73.46969696969697,86.06666666666666,85.16666666666667,89.45833333333334,47.11904761904762,59.5,75.44444444444444,86.43939393939394,66.16666666666667,42.73076923076923,75.95454545454545,69.73333333333333,86.8888888888889,80.96666666666667,56.43333333333334,64.28571428571429,71.68181818181819,81.53030303030303,66.53333333333335,49.27272727272727,62.91666666666667,80.83333333333334,79.92424242424244,68.74242424242424,55.71212121212121,66.53333333333333,64.06666666666668,84.33333333333334,58.5,43.25,61.833333333333336,66.01282051282053,88.72222222222223,77.46666666666667
11,60.79090909090909,58.96590909090909,72.81818181818181,83.47474747474747,77.29545454545455,64.00909090909092,59.36363636363636,78.27272727272728,77.81818181818181,83.7878787878788,62.8939393939394,0.0,77.9090909090909,88.37373737373738,83.88888888888889,72.18181818181819,57.04040404040404,92.78181818181818,74.81818181818181,87.76767676767676,61.45454545454545,57.090909090909086,88.9,85.33636363636364,100.30681818181819,46.62337662337662,52.015151515151516,82.41414141414143,81.81818181818181,80.29090909090911,61.167832167832174,62.090909090909086,77.55454545454545,83.71717171717171,87.16363636363636,70.43636363636364,49.16883116883117,82.63636363636363,80.45454545454545,77.80000000000001,63.81818181818181,53.5530303030303,88.5090909090909,81.0,76.0,64.9090909090909,54.70909090909091,65.9939393939394,85.13636363636364,69.53246753246752,62.795454545454554,48.651515151515156,70.53146853146853,83.65656565656568,88.71818181818182
12,70.82727272727273,89.67045454545455,52.72727272727273,82.79797979797979,75.8409090909091,81.2818181818182,81.45454545454545,56.36363636363637,78.63636363636363,89.71717171717172,66.2878787878788,77.9090909090909,0.0,89.33333333333334,87.61616161616163,74.92727272727274,88.76767676767676,59.909090909090914,78.72727272727272,85.95959595959596,72.63636363636364,82.63636363636363,61.06363636363636,83.26363636363637,90.39772727272727,67.05194805194806,75.34848484848484,58.76767676767676,82.45454545454545,71.87272727272727,60.74125874125874,79.45454545454545,61.5,88.41414141414141,83.63636363636364,72.96363636363637,78.54545454545453,57.81818181818181,83.45454545454545,76.83636363636364,65.18181818181819,77.31060606060606,54.03636363636363,69.27272727272727,80.0909090909091,67.18181818181819,86.43636363636364,54.3030303030303,78.93939393939394,67.50649350649351,69.28030303030303,78.69696969696969,48.55244755244756,90.1919191919192,83.26363636363638
13,85.27777777777779,106.09722222222223,88.20202020202021,61.44444444444446,95.47222222222223,90.5888888888889,92.34343434343435,88.54545454545453,46.93939393939394,97.77777777777779,84.38888888888889,88.37373737373738,89.33333333333334,0.0,107.11111111111111,92.17777777777778,104.0,102.6888888888889,53.01010101010101,108.0,81.16161616161617,92.1919191919192,92.54444444444445,62.36666666666667,113.31944444444443,86.93650793650794,94.33333333333334,91.11111111111111,57.68686868686869,93.71111111111111,77.76068376068378,99.93939393939394,95.56666666666666,63.44444444444444,101.42222222222222,89.15555555555557,87.11111111111111,89.67676767676767,52.484848484848484,97.06666666666668,86.8989898989899,93.25,97.28888888888889,62.36363636363636,98.13131313131314,81.76767676767678,97.17777777777778,87.2,60.388888888888886,86.28571428571428,81.86111111111111,96.44444444444444,87.61538461538461,59.222222222222236,106.01111111111112
14,77.10000000000001,108.98611111111111,82.3838383838384,105.44444444444446,62.69444444444444,82.85555555555555,98.86868686868686,90.20202020202021,101.7878787878788,69.33333333333334,72.61111111111111,83.88888888888889,87.61616161616163,107.11111111111111,0.0,82.11111111111111,98.44444444444446,94.02222222222223,95.01010101010101,61.77777777777778,84.55555555555556,99.42424242424242,94.96666666666667,104.76666666666667,62.18055555555556,76.93650793650794,87.44444444444446,84.44444444444446,101.28282828282829,62.466666666666676,83.53846153846155,103.43434343434345,92.3,103.0,67.04444444444445,89.42222222222222,92.22222222222223,83.4949494949495,103.47474747474747,58.44444444444444,82.55555555555557,89.6388888888889,88.64444444444445,92.44444444444446,62.55555555555556,87.06060606060606,90.82222222222222,75.28888888888889,98.83333333333334,50.952380952380956,72.69444444444444,89.72222222222223,81.54700854700855,108.33333333333334,66.74444444444444
15,60.300000000000004,85.125,70.32727272727273,86.08888888888889,86.08333333333333,62.9,83.96363636363637,77.54545454545456,87.30909090909091,85.6,57.93333333333334,72.18181818181819,74.92727272727274,92.17777777777778,82.11111111111111,0.0,79.33333333333334,86.4,83.0909090909091,88.35555555555555,59.54545454545455,83.07272727272726,83.5,87.3,96.92500000000001,57.714285714285715,71.30000000000001,78.13333333333334,87.10909090909091,82.2,54.38461538461539,85.6,75.7,92.0,80.19999999999999,68.6,78.45714285714286,69.9090909090909,83.07272727272726,86.0,54.236363636363635,71.41666666666666,76.4,80.16363636363636,82.03636363636363,47.054545454545455,76.8,73.13333333333334,86.73333333333333,76.91428571428573,60.65,77.30000000000001,67.76923076923077,90.42222222222222,90.3
16,73.47777777777779,55.597222222222214,83.27272727272728,100.11111111111113,91.13888888888889,71.54444444444445,58.62626262626263,89.21212121212122,92.39393939393939,93.55555555555557,67.0,57.04040404040404,88.76767676767676,104.0,98.44444444444446,79.33333333333334,0.0,100.20000000000002,97.47474747474747,102.88888888888889,71.02020202020202,57.949494949494955,96.94444444444446,103.87777777777777,113.34722222222221,59.03174603174604,55.5,91.33333333333334,96.07070707070707,90.95555555555556,62.92307692307693,65.61616161616162,88.43333333333334,105.44444444444446,97.6888888888889,68.93333333333334,59.333333333333336,92.66666666666667,96.74747474747475,96.48888888888891,68.57575757575759,57.138888888888886,100.08888888888889,95.75757575757575,86.55555555555554,75.04040404040404,62.355555555555554,73.77777777777777,99.83333333333334,85.95238095238095,75.47222222222223,48.888888888888886,81.87179487179488,101.22222222222223,101.63333333333334
17,84.9,101.075,57.89090909090909,100.46666666666667,83.15,84.30000000000001,98.70909090909092,64.5090909090909,96.9090909090909,94.53333333333333,84.83333333333334,92.78181818181818,59.909090909090914,102.6888888888889,94.02222222222223,86.4,100.20000000000002,0.0,94.4909090909091,95.95555555555556,84.67272727272727,100.4909090909091,72.69999999999999,94.1,98.575,81.14285714285714,88.26666666666668,70.3111111111111,100.85454545454546,79.0,72.46153846153845,94.2,64.7,101.26666666666667,86.4,88.4,89.4857142857143,57.61818181818182,97.16363636363636,82.6,80.6,87.21666666666667,54.400000000000006,84.72727272727272,86.4909090909091,81.01818181818182,92.4,62.199999999999996,84.86666666666667,82.39999999999999,80.01666666666667,89.73333333333333,54.63076923076923,104.6888888888889,89.30000000000001
18,71.57272727272728,99.44318181818181,78.36363636363636,58.939393939393945,86.21969696969697,85.15454545454546,85.63636363636363,81.45454545454545,51.0,87.85858585858585,78.3939393939394,74.81818181818181,78.72727272727272,53.01010101010101,95.01010101010101,83.0909090909091,97.47474747474747,94.4909090909091,0.0,95.3939393939394,72.45454545454545,85.0,86.64545454545456,58.75454545454546,108.7159090909091,76.63636363636364,83.62121212121212,86.86868686868686,43.0,90.56363636363636,72.60139860139861,87.27272727272728,87.22727272727272,55.54545454545455,93.36363636363637,85.87272727272727,81.33766233766234,78.18181818181817,56.18181818181819,89.61818181818182,77.9090909090909,86.75,87.67272727272726,58.727272727272734,86.27272727272727,75.18181818181819,90.65454545454546,80.16969696969697,54.45454545454545,75.15584415584415,71.70454545454545,86.62121212121212,77.67132867132867,58.77777777777778,97.28181818181818
19,81.67777777777779,105.65277777777777,89.41414141414143,105.0,69.19444444444446,85.61111111111111,98.84848484848486,95.1919191919192,101.0,69.55555555555556,77.44444444444444,87.76767676767676,85.95959595959596,108.0,61.77777777777778,88.35555555555555,102.88888888888889,95.95555555555556,95.3939393939394,0.0,87.5858585858586,105.26262626262627,100.3,107.94444444444444,63.76388888888889,86.84126984126983,93.88888888888889,94.88888888888889,102.37373737373738,62.55555555555556,84.51282051282051,105.87878787878788,93.32222222222222,103.88888888888889,64.2,97.44444444444446,100.77777777777779,89.59595959595961,108.28282828282829,61.333333333333336,87.66666666666666,91.86111111111111,92.02222222222221,103.71717171717171,63.98989898989899,88.95959595959596,96.46666666666667,82.88888888888889,106.33333333333334,50.095238095238095,80.63888888888889,91.55555555555557,86.008547008547,108.55555555555556,67.5888888888889
20,39.35454545454546,75.26136363636364,72.27272727272728,77.31313131313132,78.6590909090909,51.06363636363636,70.63636363636363,72.27272727272728,76.9090909090909,86.85858585858585,49.39393939393939,61.45454545454545,72.63636363636364,81.16161616161617,84.55555555555556,59.54545454545455,71.02020202020202,84.67272727272727,72.45454545454545,87.5858585858586,0.0,74.36363636363637,84.7,80.84545454545454,98.57954545454545,45.116883116883116,66.1060606060606,79.02020202020202,81.45454545454545,75.6,45.88111888111888,75.36363636363637,67.71818181818182,80.14141414141415,80.2,58.18181818181818,67.87012987012986,77.18181818181819,76.63636363636364,78.41818181818184,52.72727272727273,61.40151515151515,85.03636363636363,72.63636363636363,76.36363636363636,54.90909090909091,67.83636363636364,68.9030303030303,81.5151515151515,67.83116883116884,44.25,65.31818181818181,69.42657342657343,81.27272727272728,86.84545454545454
21,74.5909090909091,65.2840909090909,80.81818181818181,90.86868686868686,92.61363636363636,74.84545454545454,48.27272727272727,88.63636363636364,86.0,98.35353535353536,73.46969696969697,57.090909090909086,82.63636363636363,92.1919191919192,99.42424242424242,83.07272727272726,57.949494949494955,100.4909090909091,85.0,105.26262626262627,74.36363636363637,0.0,86.7909090909091,88.66363636363636,109.2840909090909,63.49350649350649,52.27272727272727,86.93939393939395,87.45454545454545,88.52727272727273,66.06293706293707,53.54545454545455,84.17272727272727,92.74747474747475,99.27272727272727,73.87272727272727,50.51948051948052,89.0,88.0909090909091,90.76363636363637,67.27272727272727,52.840909090909086,94.87272727272727,87.0,86.0,78.9090909090909,54.45454545454545,74.66060606060606,85.13636363636364,81.01298701298703,74.44696969696969,56.166666666666664,77.74825174825175,93.79797979797979,103.20909090909092
22,79.6,95.775,54.481818181818184,93.9888888888889,85.55,86.80000000000001,86.22727272727273,61.64545454545455,87.17272727272729,96.83333333333333,86.06666666666666,88.9,61.06363636363636,92.54444444444445,94.96666666666667,83.5,96.94444444444446,72.69999999999999,86.64545454545456,100.3,84.7,86.7909090909091,0.0,87.0,98.475,80.07142857142857,87.86666666666667,62.477777777777774,88.4090909090909,82.30000000000001,71.51538461538462,86.5909090909091,60.0,95.34444444444445,87.7,84.7,83.41428571428571,64.04545454545455,94.30000000000001,81.9,79.37272727272727,82.25,56.7,78.44545454545454,84.99090909090908,82.77272727272728,87.1,61.766666666666666,86.83333333333334,81.67142857142858,78.65,87.30000000000001,51.91538461538461,99.07777777777778,95.4
23,84.6,104.92500000000001,78.80909090909091,64.1,96.28333333333333,94.0,88.7909090909091,87.77272727272727,59.336363636363636,106.23333333333335,85.16666666666667,85.33636363636364,83.26363636363637,62.36666666666667,104.76666666666667,87.3,103.87777777777777,94.1,58.75454545454546,107.94444444444444,80.84545454545454,88.66363636363636,87.0,0.0,115.225,80.98571428571428,91.33333333333334,84.36666666666667,53.190909090909095,96.5,79.08461538461538,89.73636363636363,86.4,56.67777777777778,103.5,89.10000000000001,86.78571428571428,78.17272727272727,60.372727272727275,98.7,80.7,87.11666666666667,90.70000000000002,56.554545454545455,101.71818181818182,80.93636363636364,93.1,84.23333333333333,55.900000000000006,91.81428571428572,83.88333333333333,94.13333333333333,76.42307692307692,64.21111111111111,103.4
24,93.875,115.5,89.92045454545455,114.95833333333333,63.87499999999999,98.225,105.92045454545453,96.69318181818181,109.67045454545455,69.98611111111111,89.45833333333334,100.30681818181819,90.39772727272727,113.31944444444443,62.18055555555556,96.92500000000001,113.34722222222221,98.575,108.7159090909091,63.76388888888889,98.57954545454545,109.2840909090909,98.475,115.225,0.0,95.55357142857142,102.95833333333334,90.625,108.67045454545453,53.875,92.27884615384616,112.82954545454547,94.225,111.06944444444444,66.575,104.025,106.625,93.44318181818181,111.625,60.175,98.42045454545455,101.04166666666667,88.275,104.0340909090909,67.32954545454545,95.10227272727272,101.525,82.30833333333334,108.20833333333334,58.875,90.29166666666666,103.625,85.50961538461539,117.18055555555556,63.075
25,48.27142857142857,61.80357142857143,64.03896103896103,80.12698412698413,72.17857142857142,55.471428571428575,58.480519480519476,63.688311688311686,80.48051948051948,84.15873015873015,47.11904761904762,46.62337662337662,67.05194805194806,86.93650793650794,76.93650793650794,57.714285714285715,59.03174603174604,81.14285714285714,76.63636363636364,86.84126984126983,45.116883116883116,63.49350649350649,80.07142857142857,80.98571428571428,95.55357142857142,0.0,50.73809523809524,72.4920634920635,83.66233766233765,72.54285714285714,45.19780219780219,67.92207792207793,65.47142857142856,82.57142857142857,81.45714285714286,57.34285714285714,53.28571428571428,69.7012987012987,80.83116883116884,74.25714285714285,50.324675324675326,54.75,79.05714285714286,74.46753246753246,67.59740259740259,55.61038961038961,59.54285714285714,53.11428571428571,81.0952380952381,64.42857142857142,49.72619047619048,52.64285714285714,58.89010989010989,83.20634920634922,82.84285714285716
26,66.16666666666667,58.45833333333333,73.21212121212122,88.22222222222223,82.91666666666666,65.13333333333334,55.1969696969697,77.81818181818183,82.6969696969697,90.38888888888889,59.5,52.015151515151516,75.34848484848484,94.33333333333334,87.44444444444446,71.30000000000001,55.5,88.26666666666668,83.62121212121212,93.88888888888889,66.1060606060606,52.27272727272727,87.86666666666667,91.33333333333334,102.95833333333334,50.73809523809524,0.0,81.16666666666667,86.03030303030303,80.4,58.69230769230769,57.87878787878788,77.66666666666666,91.72222222222223,90.03333333333333,66.8,48.166666666666664,79.5,80.27272727272728,81.60000000000001,67.42424242424244,48.583333333333336,82.1,83.95454545454545,76.63636363636363,68.24242424242425,52.233333333333334,65.03333333333333,85.83333333333334,75.3095238095238,66.41666666666667,49.333333333333336,65.88461538461539,90.72222222222223,91.1
27,74.3,92.09722222222221,56.80808080808082,89.8888888888889,73.36111111111111,83.67777777777778,85.81818181818181,66.78787878787878,82.69696969696969,84.22222222222223,75.44444444444444,82.41414141414143,58.76767676767676,91.11111111111111,84.44444444444446,78.13333333333334,91.33333333333334,70.3111111111111,86.86868686868686,94.88888888888889,79.02020202020202,86.93939393939395,62.477777777777774,84.36666666666667,90.625,72.4920634920635,81.16666666666667,0.0,83.36363636363637,75.97777777777779,65.05982905982906,81.91919191919192,63.74444444444445,87.66666666666667,83.71111111111111,75.02222222222221,79.2063492063492,64.24242424242425,84.66666666666667,77.93333333333334,72.25252525252526,77.91666666666667,65.24444444444444,75.05050505050505,83.86868686868688,78.31313131313132,88.2,57.333333333333336,79.66666666666666,73.80952380952381,69.86111111111111,80.44444444444444,54.76068376068376,93.88888888888889,80.12222222222222
28,81.73636363636363,98.42045454545453,82.63636363636364,61.333333333333336,89.38636363636363,95.11818181818182,85.18181818181819,83.72727272727272,48.18181818181819,94.65656565656568,86.43939393939394,81.81818181818181,82.45454545454545,57.68686868686869,101.28282828282829,87.10909090909091,96.07070707070707,100.85454545454546,43.0,102.37373737373738,81.45454545454545,87.45454545454545,88.4090909090909,53.190909090909095,108.67045454545453,83.66233766233765,86.03030303030303,83.36363636363637,0.0,92.87272727272727,80.76223776223776,87.72727272727272,92.22727272727272,54.868686868686865,97.70909090909092,89.34545454545454,84.38961038961038,87.9090909090909,57.90909090909091,97.43636363636364,79.63636363636363,87.32575757575758,92.74545454545455,56.63636363636364,92.54545454545453,78.72727272727272,90.4,85.83636363636363,56.21212121212121,84.81818181818181,79.90151515151516,89.56060606060606,80.54545454545455,57.75757575757576,99.15454545454546
29,73.1,92.775,71.98181818181817,95.22222222222223,51.95,74.89999999999999,84.98181818181817,73.18181818181819,90.76363636363637,66.11111111111111,66.16666666666667,80.29090909090911,71.87272727272727,93.71111111111111,62.466666666666676,82.2,90.95555555555556,79.0,90.56363636363636,62.55555555555556,75.6,88.52727272727273,82.30000000000001,96.5,53.875,72.54285714285714,80.4,75.97777777777779,92.87272727272727,0.0,69.2,93.92727272727274,81.1,93.33333333333334,59.800000000000004,79.6,83.34285714285714,78.18181818181819,93.23636363636363,47.6,76.8,78.15,78.6,83.76363636363637,59.0,77.6,85.60000000000001,62.93333333333332,87.2,48.42857142857143,69.05,79.6,65.72307692307692,96.44444444444443,55.900000000000006
30,48.11538461538461,65.74038461538461,59.56643356643357,78.89743589743591,74.85256410256412,47.823076923076925,61.44055944055944,65.1048951048951,70.86013986013987,78.25641025641025,42.73076923076923,61.167832167832174,60.74125874125874,77.76068376068378,83.53846153846155,54.38461538461539,62.92307692307693,72.46153846153845,72.60139860139861,84.51282051282051,45.88111888111888,66.06293706293707,71.51538461538462,79.08461538461538,92.27884615384616,45.19780219780219,58.69230769230769,65.05982905982906,80.76223776223776,69.2,0.0,68.55944055944056,63.54615384615386,82.24786324786325,80.2923076923077,53.86153846153846,60.285714285714285,64.53146853146853,72.0,72.15384615384616,47.26573426573427,57.25,70.6923076923077,73.25874125874125,69.71328671328672,48.77622377622377,66.78461538461539,53.67179487179487,76.51282051282051,64.0,46.25,53.5,57.15384615384616,83.68376068376068,82.25384615384615
31,72.51818181818182,66.94318181818181,77.81818181818181,100.11111111111111,96.17424242424242,82.33636363636364,59.63636363636363,91.27272727272727,91.0,101.3939393939394,75.95454545454545,62.090909090909086,79.45454545454545,99.93939393939394,103.43434343434345,85.6,65.61616161616162,94.2,87.27272727272728,105.87878787878788,75.36363636363637,53.54545454545455,86.5909090909091,89.73636363636363,112.82954545454547,67.92207792207793,57.87878787878788,81.91919191919192,87.72727272727272,93.92727272727274,68.55944055944056,0.0,81.68181818181819,96.4949494949495,102.01818181818183,74.6,53.324675324675326,86.9090909090909,95.27272727272727,96.76363636363637,71.0,55.40151515151515,92.36363636363636,90.72727272727272,93.9090909090909,78.63636363636364,62.23636363636364,74.82424242424241,94.92424242424242,85.2207792207792,71.91666666666667,61.12121212121212,78.25874125874125,101.02020202020202,106.3909090909091
32,65.0,89.57499999999999,54.28181818181818,90.56666666666666,77.28333333333333,77.2,80.10000000000001,61.66363636363637,89.64545454545456,93.14444444444445,69.73333333333333,77.55454545454545,61.5,95.56666666666666,92.3,75.7,88.43333333333334,64.7,87.22727272727272,93.32222222222222,67.71818181818182,84.17272727272727,60.0,86.4,94.225,65.47142857142856,77.66666666666666,63.74444444444445,92.22727272727272,81.1,63.54615384615386,81.68181818181819,0.0,88.25555555555556,81.1,75.9,73.10000000000001,59.372727272727275,91.06363636363636,78.9,69.37272727272727,70.28333333333333,57.3,79.9,77.60909090909091,70.93636363636364,76.10000000000001,53.96666666666667,85.53333333333333,74.38571428571429,62.65,79.03333333333333,53.06923076923077,95.27777777777779,81.60000000000001
33,80.41111111111111,107.98611111111111,86.13131313131314,55.111111111111114,91.58333333333334,94.1,93.06060606060606,91.06060606060606,62.44444444444444,104.33333333333334,86.8888888888889,83.71717171717171,88.41414141414141,63.44444444444444,103.0,92.0,105.44444444444446,101.26666666666667,55.54545454545455,103.88888888888889,80.14141414141415,92.74747474747475,95.34444444444445,56.67777777777778,111.06944444444444,82.57142857142857,91.72222222222223,87.66666666666667,54.868686868686865,93.33333333333334,82.24786324786325,96.4949494949495,88.25555555555556,0.0,97.80000000000001,94.24444444444445,93.38095238095238,87.08080808080808,61.76767676767677,99.4,84.8080808080808,88.52777777777777,95.42222222222222,65.6060606060606,103.21212121212122,83.57575757575759,97.42222222222222,89.17777777777778,63.666666666666664,87.68253968253967,80.47222222222223,94.33333333333334,81.67521367521367,53.77777777777778,99.52222222222223
34,75.70000000000002,107.725,73.34545454545454,96.44444444444444,54.78333333333333,81.50000000000001,93.80000000000001,79.01818181818183,98.6,72.26666666666667,80.96666666666667,87.16363636363636,83.63636363636364,101.42222222222222,67.04444444444445,80.19999999999999,97.6888888888889,86.4,93.36363636363637,64.2,80.2,99.27272727272727,87.7,103.5,66.575,81.45714285714286,90.03333333333333,83.71111111111111,97.70909090909092,59.800000000000004,80.2923076923077,102.01818181818183,81.1,97.80000000000001,0.0,91.80000000000001,91.31428571428572,77.54545454545455,99.65454545454546,60.2,84.16363636363637,81.98333333333333,80.6,89.38181818181818,54.67272727272727,83.05454545454546,90.4,72.0,95.2,55.51428571428572,72.45,90.76666666666667,72.53846153846155,101.86666666666667,55.900000000000006
35,58.5,71.32499999999999,74.56363636363636,93.64444444444445,83.35,58.9,63.54545454545455,81.29090909090908,85.23636363636363,84.06666666666666,56.43333333333334,70.43636363636364,72.96363636363637,89.15555555555557,89.42222222222222,68.6,68.93333333333334,88.4,85.87272727272727,97.44444444444446,58.18181818181818,73.87272727272727,84.7,89.10000000000001,104.025,57.34285714285714,66.8,75.02222222222221,89.34545454545454,79.6,53.86153846153846,74.6,75.9,94.24444444444445,91.80000000000001,0.0,67.34285714285714,79.52727272727273,82.80000000000001,81.2,58.10909090909091,61.81666666666667,86.4,85.6,82.4,63.78181818181818,72.0,72.8,93.56666666666666,74.82857142857142,61.18333333333334,64.7,71.56923076923077,96.91111111111111,93.9
36,65.18571428571428,63.26785714285714,70.36363636363636,91.85714285714286,82.94047619047619,76.5,50.62337662337662,79.84415584415584,79.18181818181819,88.82539682539682,64.28571428571429,49.16883116883117,78.54545454545453,87.11111111111111,92.22222222222223,78.45714285714286,59.333333333333336,89.4857142857143,81.33766233766234,100.77777777777779,67.87012987012986,50.51948051948052,83.41428571428571,86.78571428571428,106.625,53.28571428571428,48.166666666666664,79.2063492063492,84.38961038961038,83.34285714285714,60.285714285714285,53.324675324675326,73.10000000000001,93.38095238095238,91.31428571428572,67.34285714285714,0.0,79.81818181818181,82.9090909090909,86.82857142857142,65.87012987012986,48.583333333333336,86.6,80.81818181818181,78.58441558441558,70.66233766233766,48.48571428571429,66.60952380952381,84.76190476190476,74.0,63.75,53.14285714285714,68.20879120879121,94.42857142857143,93.27142857142857
37,71.35454545454544,98.19318181818181,50.36363636363636,83.5050505050505,75.47727272727272,79.48181818181818,84.72727272727272,52.0,81.9090909090909,86.08080808080808,71.68181818181819,82.63636363636363,57.81818181818181,89.67676767676767,83.4949494949495,69.9090909090909,92.66666666666667,57.61818181818182,78.18181818181817,89.59595959595961,77.18181818181819,89.0,64.04545454545455,78.17272727272727,93.44318181818181,69.7012987012987,79.5,64.24242424242425,87.9090909090909,78.18181818181819,64.53146853146853,86.9090909090909,59.372727272727275,87.08080808080808,77.54545454545455,79.52727272727273,79.81818181818181,0.0,84.36363636363636,75.70909090909092,64.09090909090908,78.06818181818181,48.45454545454545,70.36363636363636,73.9090909090909,71.18181818181819,83.85454545454546,52.25454545454546,79.87878787878788,67.77922077922078,66.50757575757576,83.0909090909091,48.34265734265735,88.35353535353536,82.22727272727272
38,79.64545454545456,100.625,82.0,51.868686868686865,93.93181818181819,84.55454545454546,86.0,84.72727272727272,51.0,96.66666666666666,81.53030303030303,80.45454545454545,83.45454545454545,52.484848484848484,103.47474747474747,83.07272727272726,96.74747474747475,97.16363636363636,56.18181818181819,108.28282828282829,76.63636363636364,88.0909090909091,94.30000000000001,60.372727272727275,111.625,80.83116883116884,80.27272727272728,84.66666666666667,57.90909090909091,93.23636363636363,72.0,95.27272727272727,91.06363636363636,61.76767676767677,99.65454545454546,82.80000000000001,82.9090909090909,84.36363636363636,0.0,97.52727272727273,80.45454545454545,86.67424242424241,88.36363636363637,58.18181818181817,96.45454545454545,77.54545454545455,91.03636363636363,84.13333333333333,52.96969696969697,86.18181818181817,81.14393939393939,93.06060606060606,78.8881118881119,52.696969696969695,102.02727272727273
39,70.70000000000002,97.57500000000002,74.43636363636364,99.8888888888889,53.95,75.7,86.96363636363637,77.83636363636364,94.61818181818182,66.04444444444445,66.53333333333335,77.80000000000001,76.83636363636364,97.06666666666668,58.44444444444444,86.0,96.48888888888891,82.6,89.61818181818182,61.333333333333336,78.41818181818184,90.76363636363637,81.9,98.7,60.175,74.25714285714285,81.60000000000001,77.93333333333334,97.43636363636364,47.6,72.15384615384616,96.76363636363637,78.9,99.4,60.2,81.2,86.82857142857142,75.70909090909092,97.52727272727273,0.0,80.4909090909091,80.25,79.60000000000001,87.9090909090909,55.599999999999994,80.58181818181819,83.6,66.80000000000001,92.63333333333333,49.542857142857144,68.38333333333334,84.03333333333333,70.81538461538462,102.11111111111111,55.5
40,55.154545454545456,74.375,63.36363636363636,82.74747474747474,78.6590909090909,56.02727272727273,63.36363636363636,67.18181818181819,79.09090909090908,83.72727272727275,49.27272727272727,63.81818181818181,65.18181818181819,86.8989898989899,82.55555555555557,54.236363636363635,68.57575757575759,80.6,77.9090909090909,87.66666666666666,52.72727272727273,67.27272727272727,79.37272727272727,80.7,98.42045454545455,50.324675324675326,67.42424242424244,72.25252525252526,79.63636363636363,76.8,47.26573426573427,71.0,69.37272727272727,84.8080808080808,84.16363636363637,58.10909090909091,65.87012987012986,64.09090909090908,80.45454545454545,80.4909090909091,0.0,60.32575757575758,73.16363636363636,71.9090909090909,76.0,53.09090909090909,68.69090909090909,62.83030303030303,80.92424242424244,65.33766233766232,53.82575757575758,66.36363636363636,58.7972027972028,87.15151515151516,85.17272727272729
41,57.45,60.45833333333333,68.79545454545453,90.91666666666667,76.33333333333334,64.75,54.916666666666664,83.17424242424244,86.47727272727272,86.08333333333334,62.91666666666667,53.5530303030303,77.31060606060606,93.25,89.6388888888889,71.41666666666666,57.138888888888886,87.21666666666667,86.75,91.86111111111111,61.40151515151515,52.840909090909086,82.25,87.11666666666667,101.04166666666667,54.75,48.583333333333336,77.91666666666667,87.32575757575758,78.15,57.25,55.40151515151515,70.28333333333333,88.52777777777777,81.98333333333333,61.81666666666667,48.583333333333336,78.06818181818181,86.67424242424241,80.25,60.32575757575758,0.0,83.98333333333335,83.99242424242425,78.90151515151516,69.76515151515152,52.91666666666667,67.78333333333333,86.08333333333333,72.77380952380952,59.833333333333336,51.583333333333336,68.09615384615385,93.69444444444444,84.81666666666668
42,78.30000000000001,101.725,46.45454545454545,92.0888888888889,82.94999999999999,82.1,89.76363636363637,54.2,86.87272727272727,86.95555555555555,80.83333333333334,88.5090909090909,54.03636363636363,97.28888888888889,88.64444444444445,76.4,100.08888888888889,54.400000000000006,87.67272727272726,92.02222222222221,85.03636363636363,94.87272727272727,56.7,90.70000000000002,88.275,79.05714285714286,82.1,65.24444444444444,92.74545454545455,78.6,70.6923076923077,92.36363636363636,57.3,95.42222222222222,80.6,86.4,86.6,48.45454545454545,88.36363636363637,79.60000000000001,73.16363636363636,83.98333333333335,0.0,77.72727272727272,80.07272727272726,76.96363636363637,92.0,54.66666666666667,82.06666666666668,74.68571428571428,74.28333333333333,90.0,44.07692307692308,97.35555555555555,82.5
43,78.66363636363637,100.92045454545455,67.45454545454545,62.77777777777778,81.64393939393939,84.35454545454546,85.27272727272727,69.27272727272728,56.45454545454545,95.27272727272728,79.92424242424244,81.0,69.27272727272727,62.36363636363636,92.44444444444446,80.16363636363636,95.75757575757575,84.72727272727272,58.727272727272734,103.71717171717171,72.63636363636363,87.0,78.44545454545454,56.554545454545455,104.0340909090909,74.46753246753246,83.95454545454545,75.05050505050505,56.63636363636364,83.76363636363637,73.25874125874125,90.72727272727272,79.9,65.6060606060606,89.38181818181818,85.6,80.81818181818181,70.36363636363636,58.18181818181817,87.9090909090909,71.9090909090909,83.99242424242425,77.72727272727272,0.0,85.36363636363636,71.9090909090909,86.63636363636363,69.34545454545454,55.28787878787879,80.19480519480518,77.03787878787878,87.60606060606061,65.82517482517483,65.1010101010101,90.82727272727273
44,71.9,92.125,73.18181818181819,97.2929292929293,56.11363636363637,78.08181818181819,75.9090909090909,70.27272727272728,94.0,60.95959595959596,68.74242424242424,76.0,80.0909090909091,98.13131313131314,62.55555555555556,82.03636363636363,86.55555555555554,86.4909090909091,86.27272727272727,63.98989898989899,76.36363636363636,86.0,84.99090909090908,101.71818181818182,67.32954545454545,67.59740259740259,76.63636363636363,83.86868686868688,92.54545454545453,59.0,69.71328671328672,93.9090909090909,77.60909090909091,103.21212121212122,54.67272727272727,82.4,78.58441558441558,73.9090909090909,96.45454545454545,55.599999999999994,76.0,78.90151515151516,80.07272727272726,85.36363636363636,0.0,79.45454545454544,78.34545454545454,58.09090909090909,93.1060606060606,45.688311688311686,65.8560606060606,75.42424242424244,71.04895104895104,101.0909090909091,57.39090909090909
